min -1.69828 0
max 1.67965 2
step 0.6 0.4
data -1.69828 0.58423 0
data -1.69828 0.0206718 1
data -1.68359 0.5872 0
data -1.68359 0.0516796 1
data -1.6689 0.590169 0
data -1.6689 0.0878553 1
data -1.65422 0.593139 0
data -1.65422 0.118863 1
data -1.63953 0.596109 0
data -1.63953 0.155039 1
data -1.62484 0.599078 0
data -1.62484 0.186046 1
data -1.61016 0.602048 0
data -1.61016 0.217054 1
data -1.59547 0.605018 0
data -1.59547 0.248062 1
data -1.58078 0.607987 0
data -1.58078 0.27907 1
data -1.5661 0.610957 0
data -1.5661 0.310078 1
data -1.55141 0.613927 0
data -1.55141 0.341085 1
data -1.53672 0.616896 0
data -1.53672 0.366925 1
data -1.52204 0.619866 0
data -1.52204 0.392765 1
data -1.50735 0.622836 0
data -1.50735 0.423773 1
data -1.49266 0.625805 0
data -1.49266 0.449612 1
data -1.47798 0.628775 0
data -1.47798 0.475452 1
data -1.46329 0.631745 0
data -1.46329 0.501292 1
data -1.44861 0.634714 0
data -1.44861 0.521964 1
data -1.43392 0.637684 0
data -1.43392 0.547804 1
data -1.41923 0.640653 0
data -1.41923 0.573643 1
data -1.40455 0.643623 0
data -1.40455 0.594315 1
data -1.38986 0.646593 0
data -1.38986 0.614987 1
data -1.37517 0.649562 0
data -1.37517 0.635659 1
data -1.36049 0.652532 0
data -1.36049 0.656331 1
data -1.3458 0.655502 0
data -1.3458 0.677003 1
data -1.33111 0.658471 0
data -1.33111 0.697674 1
data -1.31643 0.661441 0
data -1.31643 0.713178 1
data -1.30174 0.664411 0
data -1.30174 0.73385 1
data -1.28705 0.66738 0
data -1.28705 0.749354 1
data -1.27237 0.67035 0
data -1.27237 0.764858 1
data -1.25768 0.67332 0
data -1.25768 0.78553 1
data -1.24299 0.676289 0
data -1.24299 0.801034 1
data -1.22831 0.679259 0
data -1.22831 0.816537 1
data -1.21362 0.682229 0
data -1.21362 0.832041 1
data -1.19893 0.685198 0
data -1.19893 0.847545 1
data -1.18425 0.688168 0
data -1.18425 0.857881 1
data -1.16956 0.691138 0
data -1.16956 0.873385 1
data -1.15487 0.694107 0
data -1.15487 0.888889 1
data -1.14019 0.697077 0
data -1.14019 0.899225 1
data -1.1255 0.700047 0
data -1.1255 0.909561 1
data -1.11081 0.703016 0
data -1.11081 0.919897 1
data -1.09613 0.705986 0
data -1.09613 0.9354 1
data -1.08144 0.708956 0
data -1.08144 0.945736 1
data -1.06675 0.711925 0
data -1.06675 0.956072 1
data -1.05207 0.714895 0
data -1.05207 0.966408 1
data -1.03738 0.717865 0
data -1.03738 0.971576 1
data -1.02269 0.720834 0
data -1.02269 0.981912 1
data -1.00801 0.723804 0
data -1.00801 0.992248 1
data -0.99332 0.726774 0
data -0.99332 0.997416 1
data -0.978633 0.729743 0
data -0.978633 1.00775 1
data -0.963946 0.732713 0
data -0.963946 1.01292 1
data -0.934573 0.738652 0
data -0.934573 1.02842 1
data -0.919886 0.741622 0
data -0.919886 1.03359 1
data -0.9052 0.744591 0
data -0.9052 1.03876 1
data -0.890513 0.747561 0
data -0.890513 1.04393 1
data -0.875827 0.750531 0
data -0.875827 1.0491 1
data -0.86114 0.7535 0
data -0.86114 1.05426 1
data -0.846453 0.75647 0
data -0.846453 1.05426 1
data -0.831767 0.75944 0
data -0.831767 1.05943 1
data -0.802393 0.765379 0
data -0.802393 1.0646 1
data -0.787707 0.768349 0
data -0.787707 1.06977 1
data -0.77302 0.771318 0
data -0.77302 1.06977 1
data -0.743647 0.777258 0
data -0.743647 1.07494 1
data -0.72896 0.780227 0
data -0.72896 1.07494 1
data -0.714274 0.783197 0
data -0.714274 1.07494 1
data -0.699587 0.786167 0
data -0.699587 1.07494 1
data -0.6849 0.789136 0
data -0.6849 1.07494 1
data -0.64084 0.798045 0
data -0.64084 1.07494 1
data -0.626154 0.801015 0
data -0.626154 1.07494 1
data -0.611467 0.803985 0
data -0.611467 1.07494 1
data -0.596781 0.806954 0
data -0.596781 1.07494 1
data -0.582094 0.809924 0
data -0.582094 1.06977 1
data -0.567407 0.812894 0
data -0.567407 1.06977 1
data -0.538034 0.818833 0
data -0.538034 1.0646 1
data -0.523347 0.821803 0
data -0.523347 1.0646 1
data -0.508661 0.824772 0
data -0.508661 1.05943 1
data -0.493974 0.827742 0
data -0.493974 1.05943 1
data -0.479287 0.830712 0
data -0.479287 1.05426 1
data -0.449914 0.836651 0
data -0.449914 1.0491 1
data -0.435228 0.839621 0
data -0.435228 1.04393 1
data -0.420541 0.84259 0
data -0.420541 1.03876 1
data -0.391168 0.84853 0
data -0.391168 1.03359 1
data -0.376481 0.851499 0
data -0.376481 1.02842 1
data -0.361794 0.854469 0
data -0.361794 1.02326 1
data -0.347108 0.857439 0
data -0.347108 1.01809 1
data -0.332421 0.860408 0
data -0.332421 1.01292 1
data -0.317735 0.863378 0
data -0.317735 1.00775 1
data -0.303048 0.866347 0
data -0.303048 1.00258 1
data -0.288361 0.869317 0
data -0.288361 0.997416 1
data -0.273675 0.872287 0
data -0.273675 0.992248 1
data -0.258988 0.875256 0
data -0.258988 0.98708 1
data -0.244301 0.878226 0
data -0.244301 0.981912 1
data -0.229615 0.881196 0
data -0.229615 0.976744 1
data -0.214928 0.884165 0
data -0.214928 0.971576 1
data -0.200242 0.887135 0
data -0.200242 0.966408 1
data -0.185555 0.890105 0
data -0.185555 0.96124 1
data -0.170868 0.893074 0
data -0.170868 0.956072 1
data -0.156182 0.896044 0
data -0.156182 0.950904 1
data -0.126808 0.901983 0
data -0.126808 0.9354 1
data -0.112122 0.904953 0
data -0.112122 0.930233 1
data -0.0974352 0.907923 0
data -0.0974352 0.925065 1
data -0.0827484 0.910892 0
data -0.0827484 0.919897 1
data -0.0680619 0.913862 0
data -0.0680619 0.914729 1
data -0.0533753 0.916832 0
data -0.0533753 0.909561 1
data -0.0386885 0.919801 0
data -0.0386885 0.899225 1
data -0.024002 0.922771 0
data -0.024002 0.894057 1
data -0.00931539 0.925741 0
data -0.00931539 0.888889 1
data 0.00537135 0.92871 0
data 0.00537135 0.883721 1
data 0.0200579 0.93168 0
data 0.0200579 0.878553 1
data 0.0347445 0.93465 0
data 0.0347445 0.873385 1
data 0.0494312 0.937619 0
data 0.0494312 0.868217 1
data 0.0641178 0.940589 0
data 0.0641178 0.857881 1
data 0.0788045 0.943559 0
data 0.0788045 0.852713 1
data 0.0934911 0.946528 0
data 0.0934911 0.847545 1
data 0.108178 0.949498 0
data 0.108178 0.842377 1
data 0.122864 0.952468 0
data 0.122864 0.837209 1
data 0.137551 0.955437 0
data 0.137551 0.832041 1
data 0.152238 0.958407 0
data 0.152238 0.826873 1
data 0.166924 0.961376 0
data 0.166924 0.821705 1
data 0.181611 0.964346 0
data 0.181611 0.816537 1
data 0.196297 0.967316 0
data 0.196297 0.81137 1
data 0.210984 0.970285 0
data 0.210984 0.806202 1
data 0.225671 0.973255 0
data 0.225671 0.801034 1
data 0.240357 0.976225 0
data 0.240357 0.795866 1
data 0.255044 0.979194 0
data 0.255044 0.790698 1
data 0.269731 0.982164 0
data 0.269731 0.78553 1
data 0.284417 0.985134 0
data 0.284417 0.780362 1
data 0.299104 0.988103 0
data 0.299104 0.775194 1
data 0.313791 0.991073 0
data 0.313791 0.775194 1
data 0.328477 0.994043 0
data 0.328477 0.770026 1
data 0.343164 0.997012 0
data 0.343164 0.764858 1
data 0.35785 0.999982 0
data 0.35785 0.75969 1
data 0.372537 1.00295 0
data 0.372537 0.75969 1
data 0.387224 1.00592 0
data 0.387224 0.754522 1
data 0.416597 1.01186 0
data 0.416597 0.749354 1
data 0.431284 1.01483 0
data 0.431284 0.749354 1
data 0.44597 1.0178 0
data 0.44597 0.744186 1
data 0.475343 1.02374 0
data 0.475343 0.739018 1
data 0.49003 1.02671 0
data 0.49003 0.739018 1
data 0.53409 1.03562 0
data 0.53409 0.73385 1
data 0.548777 1.03859 0
data 0.548777 0.73385 1
data 0.563463 1.04156 0
data 0.563463 0.73385 1
data 0.57815 1.04453 0
data 0.57815 0.73385 1
data 0.592837 1.0475 0
data 0.592837 0.73385 1
data 0.607523 1.05047 0
data 0.607523 0.73385 1
data 0.62221 1.05344 0
data 0.62221 0.73385 1
data 0.651583 1.05938 0
data 0.651583 0.739018 1
data 0.66627 1.06234 0
data 0.66627 0.739018 1
data 0.680956 1.06531 0
data 0.680956 0.739018 1
data 0.695643 1.06828 0
data 0.695643 0.744186 1
data 0.710329 1.07125 0
data 0.710329 0.744186 1
data 0.725016 1.07422 0
data 0.725016 0.749354 1
data 0.754389 1.08016 0
data 0.754389 0.754522 1
data 0.769076 1.08313 0
data 0.769076 0.75969 1
data 0.783763 1.0861 0
data 0.783763 0.764858 1
data 0.798449 1.08907 0
data 0.798449 0.770026 1
data 0.813136 1.09204 0
data 0.813136 0.775194 1
data 0.827823 1.09501 0
data 0.827823 0.780362 1
data 0.842509 1.09798 0
data 0.842509 0.78553 1
data 0.857196 1.10095 0
data 0.857196 0.790698 1
data 0.871883 1.10392 0
data 0.871883 0.795866 1
data 0.886569 1.10689 0
data 0.886569 0.806202 1
data 0.901256 1.10986 0
data 0.901256 0.81137 1
data 0.915942 1.11283 0
data 0.915942 0.821705 1
data 0.930629 1.1158 0
data 0.930629 0.826873 1
data 0.945316 1.11877 0
data 0.945316 0.837209 1
data 0.960002 1.12174 0
data 0.960002 0.847545 1
data 0.974689 1.12471 0
data 0.974689 0.857881 1
data 0.989376 1.12768 0
data 0.989376 0.868217 1
data 1.00406 1.13065 0
data 1.00406 0.878553 1
data 1.01875 1.13362 0
data 1.01875 0.888889 1
data 1.03344 1.13659 0
data 1.03344 0.899225 1
data 1.04812 1.13956 0
data 1.04812 0.909561 1
data 1.06281 1.14253 0
data 1.06281 0.925065 1
data 1.0775 1.1455 0
data 1.0775 0.9354 1
data 1.09218 1.14846 0
data 1.09218 0.950904 1
data 1.10687 1.15143 0
data 1.10687 0.966408 1
data 1.12156 1.1544 0
data 1.12156 0.976744 1
data 1.13624 1.15737 0
data 1.13624 0.992248 1
data 1.15093 1.16034 0
data 1.15093 1.00775 1
data 1.16562 1.16331 0
data 1.16562 1.02326 1
data 1.1803 1.16628 0
data 1.1803 1.04393 1
data 1.19499 1.16925 0
data 1.19499 1.05943 1
data 1.20967 1.17222 0
data 1.20967 1.0801 1
data 1.22436 1.17519 0
data 1.22436 1.09561 1
data 1.23905 1.17816 0
data 1.23905 1.11628 1
data 1.25373 1.18113 0
data 1.25373 1.13695 1
data 1.26842 1.1841 0
data 1.26842 1.15762 1
data 1.28311 1.18707 0
data 1.28311 1.17829 1
data 1.29779 1.19004 0
data 1.29779 1.19897 1
data 1.31248 1.19301 0
data 1.31248 1.21964 1
data 1.32717 1.19598 0
data 1.32717 1.24548 1
data 1.34185 1.19895 0
data 1.34185 1.26615 1
data 1.35654 1.20192 0
data 1.35654 1.29199 1
data 1.37123 1.20489 0
data 1.37123 1.31783 1
data 1.38591 1.20786 0
data 1.38591 1.3385 1
data 1.4006 1.21083 0
data 1.4006 1.36434 1
data 1.41529 1.2138 0
data 1.41529 1.39535 1
data 1.42997 1.21677 0
data 1.42997 1.42119 1
data 1.44466 1.21974 0
data 1.44466 1.44703 1
data 1.45935 1.22271 0
data 1.45935 1.47804 1
data 1.47403 1.22568 0
data 1.47403 1.50388 1
data 1.48872 1.22865 0
data 1.48872 1.53488 1
data 1.50341 1.23162 0
data 1.50341 1.56589 1
data 1.51809 1.23458 0
data 1.51809 1.5969 1
data 1.53278 1.23755 0
data 1.53278 1.62791 1
data 1.54747 1.24052 0
data 1.54747 1.65891 1
data 1.56215 1.24349 0
data 1.56215 1.69509 1
data 1.57684 1.24646 0
data 1.57684 1.7261 1
data 1.59153 1.24943 0
data 1.59153 1.76227 1
data 1.60621 1.2524 0
data 1.60621 1.79845 1
data 1.6209 1.25537 0
data 1.6209 1.83463 1
data 1.63559 1.25834 0
data 1.63559 1.8708 1
data 1.65027 1.26131 0
data 1.65027 1.90698 1
data 1.66496 1.26428 0
data 1.66496 1.94832 1
data 1.67965 1.26725 0
data 1.67965 1.98966 1
