min -1.72771 0
max 1.70854 3
step 0.8 0.6
data -1.72771 0.781896 0
data -1.72771 0.0209059 1
data -1.7164 0.799824 0
data -1.7164 0.0783972 1
data -1.7051 0.817587 0
data -1.7051 0.130662 1
data -1.6938 0.835181 0
data -1.6938 0.182927 1
data -1.68249 0.852608 0
data -1.68249 0.235192 1
data -1.67119 0.869866 0
data -1.67119 0.287456 1
data -1.65989 0.886954 0
data -1.65989 0.339721 1
data -1.64858 0.903869 0
data -1.64858 0.38676 1
data -1.63728 0.920613 0
data -1.63728 0.439024 1
data -1.62598 0.937183 0
data -1.62598 0.486063 1
data -1.61467 0.953578 0
data -1.61467 0.533101 1
data -1.60337 0.969798 0
data -1.60337 0.580139 1
data -1.59206 0.985841 0
data -1.59206 0.621951 1
data -1.58076 1.00171 0
data -1.58076 0.66899 1
data -1.56946 1.01739 0
data -1.56946 0.710801 1
data -1.55815 1.0329 0
data -1.55815 0.752613 1
data -1.54685 1.04822 0
data -1.54685 0.794425 1
data -1.53555 1.06336 0
data -1.53555 0.83101 1
data -1.52424 1.07832 0
data -1.52424 0.872822 1
data -1.51294 1.0931 0
data -1.51294 0.909408 1
data -1.50164 1.10769 0
data -1.50164 0.945993 1
data -1.49033 1.12209 0
data -1.49033 0.982578 1
data -1.47903 1.1363 0
data -1.47903 1.01916 1
data -1.46773 1.15033 0
data -1.46773 1.05575 1
data -1.45642 1.16417 0
data -1.45642 1.09233 1
data -1.44512 1.17781 0
data -1.44512 1.12369 1
data -1.43382 1.19127 0
data -1.43382 1.16028 1
data -1.42251 1.20453 0
data -1.42251 1.19164 1
data -1.41121 1.2176 0
data -1.41121 1.223 1
data -1.39991 1.23047 0
data -1.39991 1.25436 1
data -1.3886 1.24315 0
data -1.3886 1.28049 1
data -1.3773 1.25563 0
data -1.3773 1.31185 1
data -1.366 1.26791 0
data -1.366 1.33798 1
data -1.35469 1.28 0
data -1.35469 1.36411 1
data -1.34339 1.29188 0
data -1.34339 1.39024 1
data -1.33209 1.30357 0
data -1.33209 1.41638 1
data -1.32078 1.31505 0
data -1.32078 1.44251 1
data -1.30948 1.32633 0
data -1.30948 1.46864 1
data -1.29818 1.3374 0
data -1.29818 1.48955 1
data -1.28687 1.34827 0
data -1.28687 1.51045 1
data -1.27557 1.35894 0
data -1.27557 1.53659 1
data -1.26427 1.3694 0
data -1.26427 1.55749 1
data -1.25296 1.37965 0
data -1.25296 1.57317 1
data -1.24166 1.38969 0
data -1.24166 1.59408 1
data -1.23036 1.39953 0
data -1.23036 1.61498 1
data -1.21905 1.40915 0
data -1.21905 1.63066 1
data -1.20775 1.41857 0
data -1.20775 1.65157 1
data -1.19645 1.42777 0
data -1.19645 1.66725 1
data -1.18514 1.43676 0
data -1.18514 1.68293 1
data -1.17384 1.44554 0
data -1.17384 1.69861 1
data -1.16253 1.4541 0
data -1.16253 1.71429 1
data -1.15123 1.46245 0
data -1.15123 1.72997 1
data -1.13993 1.47058 0
data -1.13993 1.74564 1
data -1.12862 1.4785 0
data -1.12862 1.7561 1
data -1.11732 1.4862 0
data -1.11732 1.77178 1
data -1.10602 1.49368 0
data -1.10602 1.78223 1
data -1.09471 1.50094 0
data -1.09471 1.79268 1
data -1.08341 1.50798 0
data -1.08341 1.80314 1
data -1.07211 1.51481 0
data -1.07211 1.81359 1
data -1.0608 1.52141 0
data -1.0608 1.82404 1
data -1.0495 1.52779 0
data -1.0495 1.83449 1
data -1.0382 1.53395 0
data -1.0382 1.83972 1
data -1.02689 1.53989 0
data -1.02689 1.85017 1
data -1.01559 1.5456 0
data -1.01559 1.8554 1
data -1.00429 1.55109 0
data -1.00429 1.86063 1
data -0.992983 1.55635 0
data -0.992983 1.87108 1
data -0.98168 1.5614 0
data -0.98168 1.87631 1
data -0.970377 1.56621 0
data -0.970377 1.88153 1
data -0.94777 1.57517 0
data -0.94777 1.88676 1
data -0.936466 1.5793 0
data -0.936466 1.89199 1
data -0.925163 1.58321 0
data -0.925163 1.89199 1
data -0.913859 1.5869 0
data -0.913859 1.89721 1
data -0.902556 1.59035 0
data -0.902556 1.89721 1
data -0.879949 1.59658 0
data -0.879949 1.90244 1
data -0.868646 1.59935 0
data -0.868646 1.90244 1
data -0.834735 1.60628 0
data -0.834735 1.89721 1
data -0.823432 1.60813 0
data -0.823432 1.89721 1
data -0.800825 1.61115 0
data -0.800825 1.89199 1
data -0.778218 1.61325 0
data -0.778218 1.88676 1
data -0.766915 1.61395 0
data -0.766915 1.88153 1
data -0.755611 1.61443 0
data -0.755611 1.88153 1
data -0.744308 1.61467 0
data -0.744308 1.87631 1
data -0.733005 1.61469 0
data -0.733005 1.87108 1
data -0.721701 1.61447 0
data -0.721701 1.86585 1
data -0.710398 1.61403 0
data -0.710398 1.86063 1
data -0.699094 1.61335 0
data -0.699094 1.85017 1
data -0.687791 1.61245 0
data -0.687791 1.84495 1
data -0.676488 1.61132 0
data -0.676488 1.83972 1
data -0.665184 1.60996 0
data -0.665184 1.82927 1
data -0.653881 1.60837 0
data -0.653881 1.82404 1
data -0.642577 1.60656 0
data -0.642577 1.81359 1
data -0.631274 1.60452 0
data -0.631274 1.80836 1
data -0.61997 1.60225 0
data -0.61997 1.79791 1
data -0.608667 1.59975 0
data -0.608667 1.78746 1
data -0.597364 1.59703 0
data -0.597364 1.78223 1
data -0.58606 1.59408 0
data -0.58606 1.77178 1
data -0.574757 1.59091 0
data -0.574757 1.76132 1
data -0.563453 1.58752 0
data -0.563453 1.75087 1
data -0.55215 1.5839 0
data -0.55215 1.74042 1
data -0.540846 1.58006 0
data -0.540846 1.72997 1
data -0.529543 1.576 0
data -0.529543 1.71951 1
data -0.51824 1.57172 0
data -0.51824 1.70906 1
data -0.506936 1.56722 0
data -0.506936 1.69338 1
data -0.495633 1.5625 0
data -0.495633 1.68293 1
data -0.484329 1.55756 0
data -0.484329 1.67247 1
data -0.473026 1.55241 0
data -0.473026 1.65679 1
data -0.461722 1.54704 0
data -0.461722 1.64634 1
data -0.450419 1.54146 0
data -0.450419 1.63589 1
data -0.439116 1.53567 0
data -0.439116 1.62021 1
data -0.427812 1.52966 0
data -0.427812 1.60976 1
data -0.416509 1.52345 0
data -0.416509 1.59408 1
data -0.405205 1.51702 0
data -0.405205 1.5784 1
data -0.393902 1.51039 0
data -0.393902 1.56794 1
data -0.382598 1.50355 0
data -0.382598 1.55226 1
data -0.371295 1.49651 0
data -0.371295 1.53659 1
data -0.359992 1.48927 0
data -0.359992 1.52613 1
data -0.348688 1.48183 0
data -0.348688 1.51045 1
data -0.337385 1.47418 0
data -0.337385 1.49477 1
data -0.326081 1.46635 0
data -0.326081 1.47909 1
data -0.314778 1.45831 0
data -0.314778 1.46341 1
data -0.303475 1.45008 0
data -0.303475 1.44774 1
data -0.292171 1.44167 0
data -0.292171 1.43728 1
data -0.280868 1.43306 0
data -0.280868 1.4216 1
data -0.269564 1.42427 0
data -0.269564 1.40592 1
data -0.258261 1.41529 0
data -0.258261 1.39024 1
data -0.246957 1.40613 0
data -0.246957 1.37456 1
data -0.235654 1.39679 0
data -0.235654 1.35889 1
data -0.22435 1.38728 0
data -0.22435 1.34321 1
data -0.213047 1.37759 0
data -0.213047 1.3223 1
data -0.201744 1.36772 0
data -0.201744 1.30662 1
data -0.19044 1.35769 0
data -0.19044 1.29094 1
data -0.179137 1.3475 0
data -0.179137 1.27526 1
data -0.167833 1.33714 0
data -0.167833 1.25958 1
data -0.15653 1.32661 0
data -0.15653 1.2439 1
data -0.145227 1.31594 0
data -0.145227 1.22822 1
data -0.133923 1.3051 0
data -0.133923 1.21254 1
data -0.12262 1.29412 0
data -0.12262 1.19164 1
data -0.111316 1.28299 0
data -0.111316 1.17596 1
data -0.100013 1.27171 0
data -0.100013 1.16028 1
data -0.0887094 1.26029 0
data -0.0887094 1.1446 1
data -0.0774061 1.24874 0
data -0.0774061 1.12892 1
data -0.0661027 1.23705 0
data -0.0661027 1.11324 1
data -0.0547992 1.22523 0
data -0.0547992 1.09233 1
data -0.0434957 1.21329 0
data -0.0434957 1.07665 1
data -0.0321924 1.20122 0
data -0.0321924 1.06098 1
data -0.0208889 1.18903 0
data -0.0208889 1.0453 1
data -0.00958545 1.17673 0
data -0.00958545 1.02962 1
data 0.00171804 1.16432 0
data 0.00171804 1.01394 1
data 0.0130213 1.15181 0
data 0.0130213 0.993031 1
data 0.0243248 1.13919 0
data 0.0243248 0.982578 1
data 0.0356283 1.12647 0
data 0.0356283 0.961672 1
data 0.0469317 1.11366 0
data 0.0469317 0.945993 1
data 0.058235 1.10077 0
data 0.058235 0.930314 1
data 0.0695385 1.08779 0
data 0.0695385 0.914634 1
data 0.080842 1.07473 0
data 0.080842 0.898955 1
data 0.0921455 1.0616 0
data 0.0921455 0.883275 1
data 0.103449 1.0484 0
data 0.103449 0.867596 1
data 0.114752 1.03514 0
data 0.114752 0.851916 1
data 0.126056 1.02182 0
data 0.126056 0.836237 1
data 0.137359 1.00845 0
data 0.137359 0.820557 1
data 0.148662 0.995031 0
data 0.148662 0.804878 1
data 0.159966 0.981571 0
data 0.159966 0.789199 1
data 0.171269 0.968076 0
data 0.171269 0.778746 1
data 0.182573 0.954551 0
data 0.182573 0.763066 1
data 0.193876 0.941002 0
data 0.193876 0.747387 1
data 0.20518 0.927435 0
data 0.20518 0.731707 1
data 0.216483 0.913857 0
data 0.216483 0.716028 1
data 0.227787 0.900274 0
data 0.227787 0.705575 1
data 0.23909 0.886692 0
data 0.23909 0.689895 1
data 0.250393 0.873117 0
data 0.250393 0.674216 1
data 0.261697 0.859557 0
data 0.261697 0.663763 1
data 0.273 0.846019 0
data 0.273 0.648084 1
data 0.284304 0.832507 0
data 0.284304 0.632404 1
data 0.295607 0.819032 0
data 0.295607 0.621951 1
data 0.306911 0.805598 0
data 0.306911 0.611498 1
data 0.318214 0.792214 0
data 0.318214 0.595819 1
data 0.329517 0.778886 0
data 0.329517 0.585366 1
data 0.340821 0.765623 0
data 0.340821 0.574913 1
data 0.352124 0.752432 0
data 0.352124 0.559233 1
data 0.363427 0.739321 0
data 0.363427 0.548781 1
data 0.374731 0.726298 0
data 0.374731 0.538328 1
data 0.386034 0.71337 0
data 0.386034 0.527875 1
data 0.397338 0.700546 0
data 0.397338 0.517422 1
data 0.408641 0.687834 0
data 0.408641 0.506969 1
data 0.419945 0.675242 0
data 0.419945 0.496516 1
data 0.431248 0.662781 0
data 0.431248 0.486063 1
data 0.442552 0.650457 0
data 0.442552 0.47561 1
data 0.453855 0.638279 0
data 0.453855 0.470383 1
data 0.465158 0.626257 0
data 0.465158 0.45993 1
data 0.476462 0.6144 0
data 0.476462 0.449477 1
data 0.487765 0.602718 0
data 0.487765 0.444251 1
data 0.499069 0.591218 0
data 0.499069 0.433798 1
data 0.510372 0.579912 0
data 0.510372 0.428571 1
data 0.521676 0.568808 0
data 0.521676 0.418118 1
data 0.532979 0.557917 0
data 0.532979 0.412892 1
data 0.544282 0.547248 0
data 0.544282 0.407666 1
data 0.555586 0.536812 0
data 0.555586 0.402439 1
data 0.566889 0.52662 0
data 0.566889 0.397213 1
data 0.578193 0.51668 0
data 0.578193 0.391986 1
data 0.589496 0.507004 0
data 0.589496 0.38676 1
data 0.6008 0.497603 0
data 0.6008 0.381533 1
data 0.612103 0.488487 0
data 0.612103 0.376307 1
data 0.623406 0.479667 0
data 0.623406 0.37108 1
data 0.63471 0.471156 0
data 0.63471 0.37108 1
data 0.646013 0.462963 0
data 0.646013 0.365854 1
data 0.657317 0.455101 0
data 0.657317 0.365854 1
data 0.66862 0.44758 0
data 0.66862 0.360627 1
data 0.679923 0.440414 0
data 0.679923 0.360627 1
data 0.691227 0.433613 0
data 0.691227 0.360627 1
data 0.725137 0.415527 0
data 0.725137 0.360627 1
data 0.736441 0.410311 0
data 0.736441 0.360627 1
data 0.747744 0.405523 0
data 0.747744 0.360627 1
data 0.759047 0.401176 0
data 0.759047 0.360627 1
data 0.770351 0.397282 0
data 0.770351 0.365854 1
data 0.781654 0.393855 0
data 0.781654 0.365854 1
data 0.792958 0.390908 0
data 0.792958 0.37108 1
data 0.804261 0.388456 0
data 0.804261 0.376307 1
data 0.826868 0.385085 0
data 0.826868 0.381533 1
data 0.838171 0.384196 0
data 0.838171 0.38676 1
data 0.849475 0.383856 0
data 0.849475 0.391986 1
data 0.860778 0.38408 0
data 0.860778 0.402439 1
data 0.872082 0.384881 0
data 0.872082 0.407666 1
data 0.883385 0.386275 0
data 0.883385 0.418118 1
data 0.894688 0.388277 0
data 0.894688 0.423345 1
data 0.905992 0.390901 0
data 0.905992 0.433798 1
data 0.917295 0.394163 0
data 0.917295 0.444251 1
data 0.928599 0.398078 0
data 0.928599 0.449477 1
data 0.939902 0.402662 0
data 0.939902 0.45993 1
data 0.951206 0.407929 0
data 0.951206 0.47561 1
data 0.962509 0.413896 0
data 0.962509 0.486063 1
data 0.973812 0.420579 0
data 0.973812 0.496516 1
data 0.985116 0.427993 0
data 0.985116 0.512195 1
data 0.996419 0.436156 0
data 0.996419 0.522648 1
data 1.00772 0.445083 0
data 1.00772 0.538328 1
data 1.01903 0.454791 0
data 1.01903 0.554007 1
data 1.03033 0.465298 0
data 1.03033 0.569686 1
data 1.04163 0.476619 0
data 1.04163 0.585366 1
data 1.05294 0.488772 0
data 1.05294 0.601045 1
data 1.06424 0.501774 0
data 1.06424 0.621951 1
data 1.07554 0.515644 0
data 1.07554 0.637631 1
data 1.08685 0.530397 0
data 1.08685 0.658537 1
data 1.09815 0.546051 0
data 1.09815 0.679443 1
data 1.10945 0.562626 0
data 1.10945 0.695122 1
data 1.12076 0.580138 0
data 1.12076 0.721254 1
data 1.13206 0.598607 0
data 1.13206 0.74216 1
data 1.14336 0.618051 0
data 1.14336 0.763066 1
data 1.15467 0.638486 0
data 1.15467 0.789199 1
data 1.16597 0.659934 0
data 1.16597 0.810105 1
data 1.17727 0.682412 0
data 1.17727 0.836237 1
data 1.18858 0.705939 0
data 1.18858 0.862369 1
data 1.19988 0.730535 0
data 1.19988 0.888502 1
data 1.21118 0.756218 0
data 1.21118 0.914634 1
data 1.22249 0.78301 0
data 1.22249 0.945993 1
data 1.23379 0.810928 0
data 1.23379 0.972125 1
data 1.24509 0.839993 0
data 1.24509 1.00348 1
data 1.2564 0.870224 0
data 1.2564 1.03484 1
data 1.2677 0.901643 0
data 1.2677 1.0662 1
data 1.279 0.934266 0
data 1.279 1.09756 1
data 1.29031 0.968119 0
data 1.29031 1.12892 1
data 1.30161 1.00322 0
data 1.30161 1.16551 1
data 1.31292 1.03959 0
data 1.31292 1.19686 1
data 1.32422 1.07724 0
data 1.32422 1.23345 1
data 1.33552 1.11621 0
data 1.33552 1.27003 1
data 1.34683 1.15651 0
data 1.34683 1.30662 1
data 1.35813 1.19816 0
data 1.35813 1.34321 1
data 1.36943 1.24118 0
data 1.36943 1.37979 1
data 1.38074 1.2856 0
data 1.38074 1.4216 1
data 1.39204 1.33143 0
data 1.39204 1.45819 1
data 1.40334 1.37871 0
data 1.40334 1.5 1
data 1.41465 1.42744 0
data 1.41465 1.54704 1
data 1.42595 1.47765 0
data 1.42595 1.58885 1
data 1.43725 1.52937 0
data 1.43725 1.63066 1
data 1.44856 1.58262 0
data 1.44856 1.6777 1
data 1.45986 1.63741 0
data 1.45986 1.71951 1
data 1.47116 1.69377 0
data 1.47116 1.76655 1
data 1.48247 1.75173 0
data 1.48247 1.81882 1
data 1.49377 1.8113 0
data 1.49377 1.86585 1
data 1.50507 1.87251 0
data 1.50507 1.91289 1
data 1.51638 1.93539 0
data 1.51638 1.96516 1
data 1.52768 1.99994 0
data 1.52768 2.01742 1
data 1.53898 2.06621 0
data 1.53898 2.06969 1
data 1.55029 2.1342 0
data 1.55029 2.12195 1
data 1.56159 2.20395 0
data 1.56159 2.17944 1
data 1.57289 2.27548 0
data 1.57289 2.23171 1
data 1.5842 2.3488 0
data 1.5842 2.2892 1
data 1.5955 2.42395 0
data 1.5955 2.34669 1
data 1.6068 2.50095 0
data 1.6068 2.40418 1
data 1.61811 2.57982 0
data 1.61811 2.4669 1
data 1.62941 2.66058 0
data 1.62941 2.52439 1
data 1.64071 2.74326 0
data 1.64071 2.58711 1
data 1.65202 2.82788 0
data 1.65202 2.64983 1
data 1.66332 2.91447 0
data 1.66332 2.71254 1
data 1.67462 3.00305 0
data 1.67462 2.77526 1
data 1.68593 3.09364 0
data 1.68593 2.84321 1
data 1.69723 3.18627 0
data 1.69723 2.90592 1
data 1.70854 3.28096 0
data 1.70854 2.97387 1
