min -1.69828 0
max 1.67965 2
step 0.6 0.4
data -1.69828 0.65941 0
data -1.69828 0.0206718 1
data -1.68359 0.660372 0
data -1.68359 0.0516796 1
data -1.6689 0.661352 0
data -1.6689 0.0878553 1
data -1.65422 0.66235 0
data -1.65422 0.118863 1
data -1.63953 0.663364 0
data -1.63953 0.155039 1
data -1.62484 0.664397 0
data -1.62484 0.186046 1
data -1.61016 0.665447 0
data -1.61016 0.217054 1
data -1.59547 0.666514 0
data -1.59547 0.248062 1
data -1.58078 0.667599 0
data -1.58078 0.27907 1
data -1.5661 0.668702 0
data -1.5661 0.310078 1
data -1.55141 0.669822 0
data -1.55141 0.341085 1
data -1.53672 0.670959 0
data -1.53672 0.366925 1
data -1.52204 0.672115 0
data -1.52204 0.392765 1
data -1.50735 0.673287 0
data -1.50735 0.423773 1
data -1.49266 0.674478 0
data -1.49266 0.449612 1
data -1.47798 0.675686 0
data -1.47798 0.475452 1
data -1.46329 0.676911 0
data -1.46329 0.501292 1
data -1.44861 0.678154 0
data -1.44861 0.521964 1
data -1.43392 0.679414 0
data -1.43392 0.547804 1
data -1.41923 0.680692 0
data -1.41923 0.573643 1
data -1.40455 0.681988 0
data -1.40455 0.594315 1
data -1.38986 0.683301 0
data -1.38986 0.614987 1
data -1.37517 0.684632 0
data -1.37517 0.635659 1
data -1.36049 0.68598 0
data -1.36049 0.656331 1
data -1.3458 0.687346 0
data -1.3458 0.677003 1
data -1.33111 0.688729 0
data -1.33111 0.697674 1
data -1.31643 0.69013 0
data -1.31643 0.713178 1
data -1.30174 0.691548 0
data -1.30174 0.73385 1
data -1.28705 0.692984 0
data -1.28705 0.749354 1
data -1.27237 0.694437 0
data -1.27237 0.764858 1
data -1.25768 0.695908 0
data -1.25768 0.78553 1
data -1.24299 0.697397 0
data -1.24299 0.801034 1
data -1.22831 0.698903 0
data -1.22831 0.816537 1
data -1.21362 0.700427 0
data -1.21362 0.832041 1
data -1.19893 0.701968 0
data -1.19893 0.847545 1
data -1.18425 0.703526 0
data -1.18425 0.857881 1
data -1.16956 0.705103 0
data -1.16956 0.873385 1
data -1.15487 0.706697 0
data -1.15487 0.888889 1
data -1.14019 0.708308 0
data -1.14019 0.899225 1
data -1.1255 0.709937 0
data -1.1255 0.909561 1
data -1.11081 0.711583 0
data -1.11081 0.919897 1
data -1.09613 0.713247 0
data -1.09613 0.9354 1
data -1.08144 0.714929 0
data -1.08144 0.945736 1
data -1.06675 0.716628 0
data -1.06675 0.956072 1
data -1.05207 0.718344 0
data -1.05207 0.966408 1
data -1.03738 0.720079 0
data -1.03738 0.971576 1
data -1.02269 0.72183 0
data -1.02269 0.981912 1
data -1.00801 0.723599 0
data -1.00801 0.992248 1
data -0.99332 0.725386 0
data -0.99332 0.997416 1
data -0.978633 0.727191 0
data -0.978633 1.00775 1
data -0.963946 0.729012 0
data -0.963946 1.01292 1
data -0.934573 0.732709 0
data -0.934573 1.02842 1
data -0.919886 0.734583 0
data -0.919886 1.03359 1
data -0.9052 0.736475 0
data -0.9052 1.03876 1
data -0.890513 0.738385 0
data -0.890513 1.04393 1
data -0.875827 0.740312 0
data -0.875827 1.0491 1
data -0.86114 0.742257 0
data -0.86114 1.05426 1
data -0.846453 0.744219 0
data -0.846453 1.05426 1
data -0.831767 0.746199 0
data -0.831767 1.05943 1
data -0.802393 0.750211 0
data -0.802393 1.0646 1
data -0.787707 0.752244 0
data -0.787707 1.06977 1
data -0.77302 0.754294 0
data -0.77302 1.06977 1
data -0.743647 0.758446 0
data -0.743647 1.07494 1
data -0.72896 0.760549 0
data -0.72896 1.07494 1
data -0.714274 0.762669 0
data -0.714274 1.07494 1
data -0.699587 0.764807 0
data -0.699587 1.07494 1
data -0.6849 0.766962 0
data -0.6849 1.07494 1
data -0.64084 0.773533 0
data -0.64084 1.07494 1
data -0.626154 0.775758 0
data -0.626154 1.07494 1
data -0.611467 0.778001 0
data -0.611467 1.07494 1
data -0.596781 0.780262 0
data -0.596781 1.07494 1
data -0.582094 0.78254 0
data -0.582094 1.06977 1
data -0.567407 0.784835 0
data -0.567407 1.06977 1
data -0.538034 0.789479 0
data -0.538034 1.0646 1
data -0.523347 0.791827 0
data -0.523347 1.0646 1
data -0.508661 0.794193 0
data -0.508661 1.05943 1
data -0.493974 0.796576 0
data -0.493974 1.05943 1
data -0.479287 0.798977 0
data -0.479287 1.05426 1
data -0.449914 0.803832 0
data -0.449914 1.0491 1
data -0.435228 0.806285 0
data -0.435228 1.04393 1
data -0.420541 0.808756 0
data -0.420541 1.03876 1
data -0.391168 0.813751 0
data -0.391168 1.03359 1
data -0.376481 0.816274 0
data -0.376481 1.02842 1
data -0.361794 0.818816 0
data -0.361794 1.02326 1
data -0.347108 0.821374 0
data -0.347108 1.01809 1
data -0.332421 0.823951 0
data -0.332421 1.01292 1
data -0.317735 0.826544 0
data -0.317735 1.00775 1
data -0.303048 0.829156 0
data -0.303048 1.00258 1
data -0.288361 0.831785 0
data -0.288361 0.997416 1
data -0.273675 0.834431 0
data -0.273675 0.992248 1
data -0.258988 0.837095 0
data -0.258988 0.98708 1
data -0.244301 0.839777 0
data -0.244301 0.981912 1
data -0.229615 0.842476 0
data -0.229615 0.976744 1
data -0.214928 0.845193 0
data -0.214928 0.971576 1
data -0.200242 0.847927 0
data -0.200242 0.966408 1
data -0.185555 0.850679 0
data -0.185555 0.96124 1
data -0.170868 0.853448 0
data -0.170868 0.956072 1
data -0.156182 0.856235 0
data -0.156182 0.950904 1
data -0.126808 0.861861 0
data -0.126808 0.9354 1
data -0.112122 0.8647 0
data -0.112122 0.930233 1
data -0.0974352 0.867557 0
data -0.0974352 0.925065 1
data -0.0827484 0.870432 0
data -0.0827484 0.919897 1
data -0.0680619 0.873324 0
data -0.0680619 0.914729 1
data -0.0533753 0.876234 0
data -0.0533753 0.909561 1
data -0.0386885 0.879161 0
data -0.0386885 0.899225 1
data -0.024002 0.882106 0
data -0.024002 0.894057 1
data -0.00931539 0.885068 0
data -0.00931539 0.888889 1
data 0.00537135 0.888048 0
data 0.00537135 0.883721 1
data 0.0200579 0.891045 0
data 0.0200579 0.878553 1
data 0.0347445 0.89406 0
data 0.0347445 0.873385 1
data 0.0494312 0.897093 0
data 0.0494312 0.868217 1
data 0.0641178 0.900142 0
data 0.0641178 0.857881 1
data 0.0788045 0.90321 0
data 0.0788045 0.852713 1
data 0.0934911 0.906295 0
data 0.0934911 0.847545 1
data 0.108178 0.909398 0
data 0.108178 0.842377 1
data 0.122864 0.912518 0
data 0.122864 0.837209 1
data 0.137551 0.915656 0
data 0.137551 0.832041 1
data 0.152238 0.918811 0
data 0.152238 0.826873 1
data 0.166924 0.921984 0
data 0.166924 0.821705 1
data 0.181611 0.925174 0
data 0.181611 0.816537 1
data 0.196297 0.928382 0
data 0.196297 0.81137 1
data 0.210984 0.931607 0
data 0.210984 0.806202 1
data 0.225671 0.93485 0
data 0.225671 0.801034 1
data 0.240357 0.938111 0
data 0.240357 0.795866 1
data 0.255044 0.941389 0
data 0.255044 0.790698 1
data 0.269731 0.944685 0
data 0.269731 0.78553 1
data 0.284417 0.947998 0
data 0.284417 0.780362 1
data 0.299104 0.951329 0
data 0.299104 0.775194 1
data 0.313791 0.954677 0
data 0.313791 0.775194 1
data 0.328477 0.958043 0
data 0.328477 0.770026 1
data 0.343164 0.961426 0
data 0.343164 0.764858 1
data 0.35785 0.964827 0
data 0.35785 0.75969 1
data 0.372537 0.968245 0
data 0.372537 0.75969 1
data 0.387224 0.971681 0
data 0.387224 0.754522 1
data 0.416597 0.978606 0
data 0.416597 0.749354 1
data 0.431284 0.982094 0
data 0.431284 0.749354 1
data 0.44597 0.985601 0
data 0.44597 0.744186 1
data 0.475343 0.992666 0
data 0.475343 0.739018 1
data 0.49003 0.996224 0
data 0.49003 0.739018 1
data 0.53409 1.00701 0
data 0.53409 0.73385 1
data 0.548777 1.01063 0
data 0.548777 0.73385 1
data 0.563463 1.01428 0
data 0.563463 0.73385 1
data 0.57815 1.01795 0
data 0.57815 0.73385 1
data 0.592837 1.02163 0
data 0.592837 0.73385 1
data 0.607523 1.02533 0
data 0.607523 0.73385 1
data 0.62221 1.02904 0
data 0.62221 0.73385 1
data 0.651583 1.03653 0
data 0.651583 0.739018 1
data 0.66627 1.0403 0
data 0.66627 0.739018 1
data 0.680956 1.04409 0
data 0.680956 0.739018 1
data 0.695643 1.04789 0
data 0.695643 0.744186 1
data 0.710329 1.05171 0
data 0.710329 0.744186 1
data 0.725016 1.05555 0
data 0.725016 0.749354 1
data 0.754389 1.06328 0
data 0.754389 0.754522 1
data 0.769076 1.06717 0
data 0.769076 0.75969 1
data 0.783763 1.07108 0
data 0.783763 0.764858 1
data 0.798449 1.07501 0
data 0.798449 0.770026 1
data 0.813136 1.07896 0
data 0.813136 0.775194 1
data 0.827823 1.08292 0
data 0.827823 0.780362 1
data 0.842509 1.0869 0
data 0.842509 0.78553 1
data 0.857196 1.0909 0
data 0.857196 0.790698 1
data 0.871883 1.09491 0
data 0.871883 0.795866 1
data 0.886569 1.09894 0
data 0.886569 0.806202 1
data 0.901256 1.10299 0
data 0.901256 0.81137 1
data 0.915942 1.10706 0
data 0.915942 0.821705 1
data 0.930629 1.11115 0
data 0.930629 0.826873 1
data 0.945316 1.11525 0
data 0.945316 0.837209 1
data 0.960002 1.11937 0
data 0.960002 0.847545 1
data 0.974689 1.12351 0
data 0.974689 0.857881 1
data 0.989376 1.12766 0
data 0.989376 0.868217 1
data 1.00406 1.13183 0
data 1.00406 0.878553 1
data 1.01875 1.13603 0
data 1.01875 0.888889 1
data 1.03344 1.14023 0
data 1.03344 0.899225 1
data 1.04812 1.14446 0
data 1.04812 0.909561 1
data 1.06281 1.1487 0
data 1.06281 0.925065 1
data 1.0775 1.15296 0
data 1.0775 0.9354 1
data 1.09218 1.15724 0
data 1.09218 0.950904 1
data 1.10687 1.16154 0
data 1.10687 0.966408 1
data 1.12156 1.16585 0
data 1.12156 0.976744 1
data 1.13624 1.17018 0
data 1.13624 0.992248 1
data 1.15093 1.17453 0
data 1.15093 1.00775 1
data 1.16562 1.17889 0
data 1.16562 1.02326 1
data 1.1803 1.18328 0
data 1.1803 1.04393 1
data 1.19499 1.18768 0
data 1.19499 1.05943 1
data 1.20967 1.1921 0
data 1.20967 1.0801 1
data 1.22436 1.19653 0
data 1.22436 1.09561 1
data 1.23905 1.20099 0
data 1.23905 1.11628 1
data 1.25373 1.20546 0
data 1.25373 1.13695 1
data 1.26842 1.20995 0
data 1.26842 1.15762 1
data 1.28311 1.21445 0
data 1.28311 1.17829 1
data 1.29779 1.21898 0
data 1.29779 1.19897 1
data 1.31248 1.22352 0
data 1.31248 1.21964 1
data 1.32717 1.22808 0
data 1.32717 1.24548 1
data 1.34185 1.23265 0
data 1.34185 1.26615 1
data 1.35654 1.23725 0
data 1.35654 1.29199 1
data 1.37123 1.24186 0
data 1.37123 1.31783 1
data 1.38591 1.24649 0
data 1.38591 1.3385 1
data 1.4006 1.25113 0
data 1.4006 1.36434 1
data 1.41529 1.2558 0
data 1.41529 1.39535 1
data 1.42997 1.26048 0
data 1.42997 1.42119 1
data 1.44466 1.26518 0
data 1.44466 1.44703 1
data 1.45935 1.2699 0
data 1.45935 1.47804 1
data 1.47403 1.27463 0
data 1.47403 1.50388 1
data 1.48872 1.27938 0
data 1.48872 1.53488 1
data 1.50341 1.28415 0
data 1.50341 1.56589 1
data 1.51809 1.28894 0
data 1.51809 1.5969 1
data 1.53278 1.29374 0
data 1.53278 1.62791 1
data 1.54747 1.29856 0
data 1.54747 1.65891 1
data 1.56215 1.3034 0
data 1.56215 1.69509 1
data 1.57684 1.30826 0
data 1.57684 1.7261 1
data 1.59153 1.31314 0
data 1.59153 1.76227 1
data 1.60621 1.31803 0
data 1.60621 1.79845 1
data 1.6209 1.32294 0
data 1.6209 1.83463 1
data 1.63559 1.32786 0
data 1.63559 1.8708 1
data 1.65027 1.33281 0
data 1.65027 1.90698 1
data 1.66496 1.33777 0
data 1.66496 1.94832 1
data 1.67965 1.34275 0
data 1.67965 1.98966 1
