min -1.69828 0
max 1.67965 2
step 0.6 0.4
data -1.69828 0.0213765 0
data -1.69828 0.0206718 1
data -1.68359 0.0565573 0
data -1.68359 0.0516796 1
data -1.6689 0.0910078 0
data -1.6689 0.0878553 1
data -1.65422 0.124731 0
data -1.65422 0.118863 1
data -1.63953 0.157735 0
data -1.63953 0.155039 1
data -1.62484 0.190025 0
data -1.62484 0.186046 1
data -1.61016 0.221611 0
data -1.61016 0.217054 1
data -1.59547 0.252495 0
data -1.59547 0.248062 1
data -1.58078 0.282688 0
data -1.58078 0.27907 1
data -1.5661 0.312194 0
data -1.5661 0.310078 1
data -1.55141 0.34102 0
data -1.55141 0.341085 1
data -1.53672 0.369172 0
data -1.53672 0.366925 1
data -1.52204 0.396658 0
data -1.52204 0.392765 1
data -1.50735 0.423483 0
data -1.50735 0.423773 1
data -1.49266 0.449655 0
data -1.49266 0.449612 1
data -1.47798 0.47518 0
data -1.47798 0.475452 1
data -1.46329 0.500064 0
data -1.46329 0.501292 1
data -1.44861 0.524315 0
data -1.44861 0.521964 1
data -1.43392 0.547938 0
data -1.43392 0.547804 1
data -1.41923 0.57094 0
data -1.41923 0.573643 1
data -1.40455 0.593329 0
data -1.40455 0.594315 1
data -1.38986 0.615109 0
data -1.38986 0.614987 1
data -1.37517 0.636289 0
data -1.37517 0.635659 1
data -1.36049 0.656874 0
data -1.36049 0.656331 1
data -1.3458 0.676871 0
data -1.3458 0.677003 1
data -1.33111 0.696288 0
data -1.33111 0.697674 1
data -1.31643 0.715129 0
data -1.31643 0.713178 1
data -1.30174 0.733403 0
data -1.30174 0.73385 1
data -1.28705 0.751115 0
data -1.28705 0.749354 1
data -1.27237 0.768271 0
data -1.27237 0.764858 1
data -1.25768 0.784879 0
data -1.25768 0.78553 1
data -1.24299 0.800945 0
data -1.24299 0.801034 1
data -1.22831 0.816477 0
data -1.22831 0.816537 1
data -1.21362 0.831479 0
data -1.21362 0.832041 1
data -1.19893 0.84596 0
data -1.19893 0.847545 1
data -1.18425 0.859926 0
data -1.18425 0.857881 1
data -1.16956 0.873381 0
data -1.16956 0.873385 1
data -1.15487 0.886335 0
data -1.15487 0.888889 1
data -1.14019 0.898793 0
data -1.14019 0.899225 1
data -1.1255 0.910761 0
data -1.1255 0.909561 1
data -1.11081 0.922247 0
data -1.11081 0.919897 1
data -1.09613 0.933257 0
data -1.09613 0.9354 1
data -1.08144 0.943798 0
data -1.08144 0.945736 1
data -1.06675 0.953876 0
data -1.06675 0.956072 1
data -1.05207 0.963497 0
data -1.05207 0.966408 1
data -1.03738 0.972669 0
data -1.03738 0.971576 1
data -1.02269 0.981397 0
data -1.02269 0.981912 1
data -1.00801 0.989689 0
data -1.00801 0.992248 1
data -0.99332 0.99755 0
data -0.99332 0.997416 1
data -0.978633 1.00499 0
data -0.978633 1.00775 1
data -0.963946 1.01201 0
data -0.963946 1.01292 1
data -0.934573 1.02483 0
data -0.934573 1.02842 1
data -0.919886 1.03064 0
data -0.919886 1.03359 1
data -0.9052 1.03606 0
data -0.9052 1.03876 1
data -0.890513 1.04109 0
data -0.890513 1.04393 1
data -0.875827 1.04575 0
data -0.875827 1.0491 1
data -0.86114 1.05004 0
data -0.86114 1.05426 1
data -0.846453 1.05396 0
data -0.846453 1.05426 1
data -0.831767 1.05753 0
data -0.831767 1.05943 1
data -0.802393 1.06361 0
data -0.802393 1.0646 1
data -0.787707 1.06614 0
data -0.787707 1.06977 1
data -0.77302 1.06834 0
data -0.77302 1.06977 1
data -0.743647 1.07178 0
data -0.743647 1.07494 1
data -0.72896 1.07302 0
data -0.72896 1.07494 1
data -0.714274 1.07396 0
data -0.714274 1.07494 1
data -0.699587 1.07461 0
data -0.699587 1.07494 1
data -0.6849 1.07496 0
data -0.6849 1.07494 1
data -0.64084 1.07432 0
data -0.64084 1.07494 1
data -0.626154 1.07357 0
data -0.626154 1.07494 1
data -0.611467 1.07256 0
data -0.611467 1.07494 1
data -0.596781 1.07129 0
data -0.596781 1.07494 1
data -0.582094 1.06978 0
data -0.582094 1.06977 1
data -0.567407 1.06804 0
data -0.567407 1.06977 1
data -0.538034 1.06385 0
data -0.538034 1.0646 1
data -0.523347 1.06142 0
data -0.523347 1.0646 1
data -0.508661 1.05878 0
data -0.508661 1.05943 1
data -0.493974 1.05593 0
data -0.493974 1.05943 1
data -0.479287 1.05289 0
data -0.479287 1.05426 1
data -0.449914 1.04622 0
data -0.449914 1.0491 1
data -0.435228 1.04262 0
data -0.435228 1.04393 1
data -0.420541 1.03884 0
data -0.420541 1.03876 1
data -0.391168 1.03078 0
data -0.391168 1.03359 1
data -0.376481 1.02652 0
data -0.376481 1.02842 1
data -0.361794 1.02211 0
data -0.361794 1.02326 1
data -0.347108 1.01756 0
data -0.347108 1.01809 1
data -0.332421 1.01288 0
data -0.332421 1.01292 1
data -0.317735 1.00807 0
data -0.317735 1.00775 1
data -0.303048 1.00314 0
data -0.303048 1.00258 1
data -0.288361 0.99809 0
data -0.288361 0.997416 1
data -0.273675 0.992936 0
data -0.273675 0.992248 1
data -0.258988 0.987682 0
data -0.258988 0.98708 1
data -0.244301 0.982332 0
data -0.244301 0.981912 1
data -0.229615 0.976894 0
data -0.229615 0.976744 1
data -0.214928 0.971374 0
data -0.214928 0.971576 1
data -0.200242 0.96578 0
data -0.200242 0.966408 1
data -0.185555 0.960118 0
data -0.185555 0.96124 1
data -0.170868 0.954393 0
data -0.170868 0.956072 1
data -0.156182 0.948614 0
data -0.156182 0.950904 1
data -0.126808 0.936916 0
data -0.126808 0.9354 1
data -0.112122 0.93101 0
data -0.112122 0.930233 1
data -0.0974352 0.925076 0
data -0.0974352 0.925065 1
data -0.0827484 0.919119 0
data -0.0827484 0.919897 1
data -0.0680619 0.913146 0
data -0.0680619 0.914729 1
data -0.0533753 0.907165 0
data -0.0533753 0.909561 1
data -0.0386885 0.90118 0
data -0.0386885 0.899225 1
data -0.024002 0.8952 0
data -0.024002 0.894057 1
data -0.00931539 0.88923 0
data -0.00931539 0.888889 1
data 0.00537135 0.883278 0
data 0.00537135 0.883721 1
data 0.0200579 0.877349 0
data 0.0200579 0.878553 1
data 0.0347445 0.87145 0
data 0.0347445 0.873385 1
data 0.0494312 0.865589 0
data 0.0494312 0.868217 1
data 0.0641178 0.85977 0
data 0.0641178 0.857881 1
data 0.0788045 0.854002 0
data 0.0788045 0.852713 1
data 0.0934911 0.84829 0
data 0.0934911 0.847545 1
data 0.108178 0.842643 0
data 0.108178 0.842377 1
data 0.122864 0.837064 0
data 0.122864 0.837209 1
data 0.137551 0.831562 0
data 0.137551 0.832041 1
data 0.152238 0.826142 0
data 0.152238 0.826873 1
data 0.166924 0.820812 0
data 0.166924 0.821705 1
data 0.181611 0.815578 0
data 0.181611 0.816537 1
data 0.196297 0.810447 0
data 0.196297 0.81137 1
data 0.210984 0.805425 0
data 0.210984 0.806202 1
data 0.225671 0.800519 0
data 0.225671 0.801034 1
data 0.240357 0.795735 0
data 0.240357 0.795866 1
data 0.255044 0.79108 0
data 0.255044 0.790698 1
data 0.269731 0.786561 0
data 0.269731 0.78553 1
data 0.284417 0.782184 0
data 0.284417 0.780362 1
data 0.299104 0.777955 0
data 0.299104 0.775194 1
data 0.313791 0.773882 0
data 0.313791 0.775194 1
data 0.328477 0.769971 0
data 0.328477 0.770026 1
data 0.343164 0.766227 0
data 0.343164 0.764858 1
data 0.35785 0.762659 0
data 0.35785 0.75969 1
data 0.372537 0.759273 0
data 0.372537 0.75969 1
data 0.387224 0.756074 0
data 0.387224 0.754522 1
data 0.416597 0.750268 0
data 0.416597 0.749354 1
data 0.431284 0.747674 0
data 0.431284 0.749354 1
data 0.44597 0.745293 0
data 0.44597 0.744186 1
data 0.475343 0.741203 0
data 0.475343 0.739018 1
data 0.49003 0.739506 0
data 0.49003 0.739018 1
data 0.53409 0.735884 0
data 0.53409 0.73385 1
data 0.548777 0.735189 0
data 0.548777 0.73385 1
data 0.563463 0.734761 0
data 0.563463 0.73385 1
data 0.57815 0.734606 0
data 0.57815 0.73385 1
data 0.592837 0.734732 0
data 0.592837 0.73385 1
data 0.607523 0.735145 0
data 0.607523 0.73385 1
data 0.62221 0.735851 0
data 0.62221 0.73385 1
data 0.651583 0.73817 0
data 0.651583 0.739018 1
data 0.66627 0.739795 0
data 0.66627 0.739018 1
data 0.680956 0.74174 0
data 0.680956 0.739018 1
data 0.695643 0.744012 0
data 0.695643 0.744186 1
data 0.710329 0.746616 0
data 0.710329 0.744186 1
data 0.725016 0.749559 0
data 0.725016 0.749354 1
data 0.754389 0.756491 0
data 0.754389 0.754522 1
data 0.769076 0.760492 0
data 0.769076 0.75969 1
data 0.783763 0.76486 0
data 0.783763 0.764858 1
data 0.798449 0.769599 0
data 0.798449 0.770026 1
data 0.813136 0.774716 0
data 0.813136 0.775194 1
data 0.827823 0.780219 0
data 0.827823 0.780362 1
data 0.842509 0.786115 0
data 0.842509 0.78553 1
data 0.857196 0.792409 0
data 0.857196 0.790698 1
data 0.871883 0.799108 0
data 0.871883 0.795866 1
data 0.886569 0.806219 0
data 0.886569 0.806202 1
data 0.901256 0.813748 0
data 0.901256 0.81137 1
data 0.915942 0.821702 0
data 0.915942 0.821705 1
data 0.930629 0.830087 0
data 0.930629 0.826873 1
data 0.945316 0.838911 0
data 0.945316 0.837209 1
data 0.960002 0.848179 0
data 0.960002 0.847545 1
data 0.974689 0.857899 0
data 0.974689 0.857881 1
data 0.989376 0.868075 0
data 0.989376 0.868217 1
data 1.00406 0.878717 0
data 1.00406 0.878553 1
data 1.01875 0.889829 0
data 1.01875 0.888889 1
data 1.03344 0.901419 0
data 1.03344 0.899225 1
data 1.04812 0.913492 0
data 1.04812 0.909561 1
data 1.06281 0.926057 0
data 1.06281 0.925065 1
data 1.0775 0.939119 0
data 1.0775 0.9354 1
data 1.09218 0.952683 0
data 1.09218 0.950904 1
data 1.10687 0.966759 0
data 1.10687 0.966408 1
data 1.12156 0.981352 0
data 1.12156 0.976744 1
data 1.13624 0.996468 0
data 1.13624 0.992248 1
data 1.15093 1.01212 0
data 1.15093 1.00775 1
data 1.16562 1.0283 0
data 1.16562 1.02326 1
data 1.1803 1.04502 0
data 1.1803 1.04393 1
data 1.19499 1.0623 0
data 1.19499 1.05943 1
data 1.20967 1.08013 0
data 1.20967 1.0801 1
data 1.22436 1.09853 0
data 1.22436 1.09561 1
data 1.23905 1.11749 0
data 1.23905 1.11628 1
data 1.25373 1.13703 0
data 1.25373 1.13695 1
data 1.26842 1.15716 0
data 1.26842 1.15762 1
data 1.28311 1.17787 0
data 1.28311 1.17829 1
data 1.29779 1.19918 0
data 1.29779 1.19897 1
data 1.31248 1.22109 0
data 1.31248 1.21964 1
data 1.32717 1.24361 0
data 1.32717 1.24548 1
data 1.34185 1.26675 0
data 1.34185 1.26615 1
data 1.35654 1.29051 0
data 1.35654 1.29199 1
data 1.37123 1.31489 0
data 1.37123 1.31783 1
data 1.38591 1.33991 0
data 1.38591 1.3385 1
data 1.4006 1.36558 0
data 1.4006 1.36434 1
data 1.41529 1.39189 0
data 1.41529 1.39535 1
data 1.42997 1.41886 0
data 1.42997 1.42119 1
data 1.44466 1.44649 0
data 1.44466 1.44703 1
data 1.45935 1.47478 0
data 1.45935 1.47804 1
data 1.47403 1.50376 0
data 1.47403 1.50388 1
data 1.48872 1.53341 0
data 1.48872 1.53488 1
data 1.50341 1.56375 0
data 1.50341 1.56589 1
data 1.51809 1.59479 0
data 1.51809 1.5969 1
data 1.53278 1.62652 0
data 1.53278 1.62791 1
data 1.54747 1.65897 0
data 1.54747 1.65891 1
data 1.56215 1.69213 0
data 1.56215 1.69509 1
data 1.57684 1.72601 0
data 1.57684 1.7261 1
data 1.59153 1.76061 0
data 1.59153 1.76227 1
data 1.60621 1.79595 0
data 1.60621 1.79845 1
data 1.6209 1.83203 0
data 1.6209 1.83463 1
data 1.63559 1.86886 0
data 1.63559 1.8708 1
data 1.65027 1.90645 0
data 1.65027 1.90698 1
data 1.66496 1.94479 0
data 1.66496 1.94832 1
data 1.67965 1.9839 0
data 1.67965 1.98966 1
