min -1.69828 0
max 1.67965 2
step 0.6 0.4
data -1.69828 -0.319142 0
data -1.69828 0.0206718 1
data -1.68359 -0.27217 0
data -1.68359 0.0516796 1
data -1.6689 -0.225982 0
data -1.6689 0.0878553 1
data -1.65422 -0.180579 0
data -1.65422 0.118863 1
data -1.63953 -0.135957 0
data -1.63953 0.155039 1
data -1.62484 -0.0921136 0
data -1.62484 0.186046 1
data -1.61016 -0.0490469 0
data -1.61016 0.217054 1
data -1.59547 -0.00675464 0
data -1.59547 0.248062 1
data -1.58078 0.0347681 0
data -1.58078 0.27907 1
data -1.5661 0.0755208 0
data -1.5661 0.310078 1
data -1.55141 0.115508 0
data -1.55141 0.341085 1
data -1.53672 0.154732 0
data -1.53672 0.366925 1
data -1.52204 0.193196 0
data -1.52204 0.392765 1
data -1.50735 0.230904 0
data -1.50735 0.423773 1
data -1.49266 0.267857 0
data -1.49266 0.449612 1
data -1.47798 0.30406 0
data -1.47798 0.475452 1
data -1.46329 0.339514 0
data -1.46329 0.501292 1
data -1.44861 0.374225 0
data -1.44861 0.521964 1
data -1.43392 0.408194 0
data -1.43392 0.547804 1
data -1.41923 0.441426 0
data -1.41923 0.573643 1
data -1.40455 0.473925 0
data -1.40455 0.594315 1
data -1.38986 0.505691 0
data -1.38986 0.614987 1
data -1.37517 0.536731 0
data -1.37517 0.635659 1
data -1.36049 0.567049 0
data -1.36049 0.656331 1
data -1.3458 0.596646 0
data -1.3458 0.677003 1
data -1.33111 0.625528 0
data -1.33111 0.697674 1
data -1.31643 0.653699 0
data -1.31643 0.713178 1
data -1.30174 0.681162 0
data -1.30174 0.73385 1
data -1.28705 0.707921 0
data -1.28705 0.749354 1
data -1.27237 0.73398 0
data -1.27237 0.764858 1
data -1.25768 0.759344 0
data -1.25768 0.78553 1
data -1.24299 0.784017 0
data -1.24299 0.801034 1
data -1.22831 0.808004 0
data -1.22831 0.816537 1
data -1.21362 0.831307 0
data -1.21362 0.832041 1
data -1.19893 0.853933 0
data -1.19893 0.847545 1
data -1.18425 0.875886 0
data -1.18425 0.857881 1
data -1.16956 0.897169 0
data -1.16956 0.873385 1
data -1.15487 0.91779 0
data -1.15487 0.888889 1
data -1.14019 0.937751 0
data -1.14019 0.899225 1
data -1.1255 0.957057 0
data -1.1255 0.909561 1
data -1.11081 0.975713 0
data -1.11081 0.919897 1
data -1.09613 0.993725 0
data -1.09613 0.9354 1
data -1.08144 1.0111 0
data -1.08144 0.945736 1
data -1.06675 1.02784 0
data -1.06675 0.956072 1
data -1.05207 1.04394 0
data -1.05207 0.966408 1
data -1.03738 1.05943 0
data -1.03738 0.971576 1
data -1.02269 1.0743 0
data -1.02269 0.981912 1
data -1.00801 1.08855 0
data -1.00801 0.992248 1
data -0.99332 1.10219 0
data -0.99332 0.997416 1
data -0.978633 1.11524 0
data -0.978633 1.00775 1
data -0.963946 1.12768 0
data -0.963946 1.01292 1
data -0.934573 1.15081 0
data -0.934573 1.02842 1
data -0.919886 1.1615 0
data -0.919886 1.03359 1
data -0.9052 1.17162 0
data -0.9052 1.03876 1
data -0.890513 1.18117 0
data -0.890513 1.04393 1
data -0.875827 1.19015 0
data -0.875827 1.0491 1
data -0.86114 1.19859 0
data -0.86114 1.05426 1
data -0.846453 1.20647 0
data -0.846453 1.05426 1
data -0.831767 1.21381 0
data -0.831767 1.05943 1
data -0.802393 1.22689 0
data -0.802393 1.0646 1
data -0.787707 1.23264 0
data -0.787707 1.06977 1
data -0.77302 1.23787 0
data -0.77302 1.06977 1
data -0.743647 1.24681 0
data -0.743647 1.07494 1
data -0.72896 1.25053 0
data -0.72896 1.07494 1
data -0.714274 1.25375 0
data -0.714274 1.07494 1
data -0.699587 1.2565 0
data -0.699587 1.07494 1
data -0.6849 1.25877 0
data -0.6849 1.07494 1
data -0.64084 1.26279 0
data -0.64084 1.07494 1
data -0.626154 1.26322 0
data -0.626154 1.07494 1
data -0.611467 1.26321 0
data -0.611467 1.07494 1
data -0.596781 1.26277 0
data -0.596781 1.07494 1
data -0.582094 1.2619 0
data -0.582094 1.06977 1
data -0.567407 1.26061 0
data -0.567407 1.06977 1
data -0.538034 1.25681 0
data -0.538034 1.0646 1
data -0.523347 1.25432 0
data -0.523347 1.0646 1
data -0.508661 1.25143 0
data -0.508661 1.05943 1
data -0.493974 1.24817 0
data -0.493974 1.05943 1
data -0.479287 1.24453 0
data -0.479287 1.05426 1
data -0.449914 1.23618 0
data -0.449914 1.0491 1
data -0.435228 1.23147 0
data -0.435228 1.04393 1
data -0.420541 1.22643 0
data -0.420541 1.03876 1
data -0.391168 1.21535 0
data -0.391168 1.03359 1
data -0.376481 1.20934 0
data -0.376481 1.02842 1
data -0.361794 1.20302 0
data -0.361794 1.02326 1
data -0.347108 1.19641 0
data -0.347108 1.01809 1
data -0.332421 1.1895 0
data -0.332421 1.01292 1
data -0.317735 1.18232 0
data -0.317735 1.00775 1
data -0.303048 1.17486 0
data -0.303048 1.00258 1
data -0.288361 1.16714 0
data -0.288361 0.997416 1
data -0.273675 1.15917 0
data -0.273675 0.992248 1
data -0.258988 1.15095 0
data -0.258988 0.98708 1
data -0.244301 1.1425 0
data -0.244301 0.981912 1
data -0.229615 1.13382 0
data -0.229615 0.976744 1
data -0.214928 1.12493 0
data -0.214928 0.971576 1
data -0.200242 1.11583 0
data -0.200242 0.966408 1
data -0.185555 1.10652 0
data -0.185555 0.96124 1
data -0.170868 1.09703 0
data -0.170868 0.956072 1
data -0.156182 1.08736 0
data -0.156182 0.950904 1
data -0.126808 1.06752 0
data -0.126808 0.9354 1
data -0.112122 1.05737 0
data -0.112122 0.930233 1
data -0.0974352 1.04708 0
data -0.0974352 0.925065 1
data -0.0827484 1.03666 0
data -0.0827484 0.919897 1
data -0.0680619 1.02611 0
data -0.0680619 0.914729 1
data -0.0533753 1.01546 0
data -0.0533753 0.909561 1
data -0.0386885 1.0047 0
data -0.0386885 0.899225 1
data -0.024002 0.993853 0
data -0.024002 0.894057 1
data -0.00931539 0.982925 0
data -0.00931539 0.888889 1
data 0.00537135 0.971926 0
data 0.00537135 0.883721 1
data 0.0200579 0.960868 0
data 0.0200579 0.878553 1
data 0.0347445 0.949759 0
data 0.0347445 0.873385 1
data 0.0494312 0.938611 0
data 0.0494312 0.868217 1
data 0.0641178 0.927435 0
data 0.0641178 0.857881 1
data 0.0788045 0.916241 0
data 0.0788045 0.852713 1
data 0.0934911 0.905039 0
data 0.0934911 0.847545 1
data 0.108178 0.893841 0
data 0.108178 0.842377 1
data 0.122864 0.882657 0
data 0.122864 0.837209 1
data 0.137551 0.871498 0
data 0.137551 0.832041 1
data 0.152238 0.860375 0
data 0.152238 0.826873 1
data 0.166924 0.849299 0
data 0.166924 0.821705 1
data 0.181611 0.838282 0
data 0.181611 0.816537 1
data 0.196297 0.827334 0
data 0.196297 0.81137 1
data 0.210984 0.816467 0
data 0.210984 0.806202 1
data 0.225671 0.805692 0
data 0.225671 0.801034 1
data 0.240357 0.79502 0
data 0.240357 0.795866 1
data 0.255044 0.784463 0
data 0.255044 0.790698 1
data 0.269731 0.774032 0
data 0.269731 0.78553 1
data 0.284417 0.76374 0
data 0.284417 0.780362 1
data 0.299104 0.753598 0
data 0.299104 0.775194 1
data 0.313791 0.743617 0
data 0.313791 0.775194 1
data 0.328477 0.733809 0
data 0.328477 0.770026 1
data 0.343164 0.724186 0
data 0.343164 0.764858 1
data 0.35785 0.714761 0
data 0.35785 0.75969 1
data 0.372537 0.705545 0
data 0.372537 0.75969 1
data 0.387224 0.69655 0
data 0.387224 0.754522 1
data 0.416597 0.679273 0
data 0.416597 0.749354 1
data 0.431284 0.671016 0
data 0.431284 0.749354 1
data 0.44597 0.663028 0
data 0.44597 0.744186 1
data 0.475343 0.647916 0
data 0.475343 0.739018 1
data 0.49003 0.640816 0
data 0.49003 0.739018 1
data 0.53409 0.621489 0
data 0.53409 0.73385 1
data 0.548777 0.615748 0
data 0.548777 0.73385 1
data 0.563463 0.610379 0
data 0.563463 0.73385 1
data 0.57815 0.605395 0
data 0.57815 0.73385 1
data 0.592837 0.60081 0
data 0.592837 0.73385 1
data 0.607523 0.596636 0
data 0.607523 0.73385 1
data 0.62221 0.592886 0
data 0.62221 0.73385 1
data 0.651583 0.586715 0
data 0.651583 0.739018 1
data 0.66627 0.584319 0
data 0.66627 0.739018 1
data 0.680956 0.582402 0
data 0.680956 0.739018 1
data 0.695643 0.580976 0
data 0.695643 0.744186 1
data 0.710329 0.580057 0
data 0.710329 0.744186 1
data 0.725016 0.579656 0
data 0.725016 0.749354 1
data 0.754389 0.580469 0
data 0.754389 0.754522 1
data 0.769076 0.581709 0
data 0.769076 0.75969 1
data 0.783763 0.583524 0
data 0.783763 0.764858 1
data 0.798449 0.585929 0
data 0.798449 0.770026 1
data 0.813136 0.588936 0
data 0.813136 0.775194 1
data 0.827823 0.59256 0
data 0.827823 0.780362 1
data 0.842509 0.596817 0
data 0.842509 0.78553 1
data 0.857196 0.60172 0
data 0.857196 0.790698 1
data 0.871883 0.607283 0
data 0.871883 0.795866 1
data 0.886569 0.613521 0
data 0.886569 0.806202 1
data 0.901256 0.620449 0
data 0.901256 0.81137 1
data 0.915942 0.62808 0
data 0.915942 0.821705 1
data 0.930629 0.63643 0
data 0.930629 0.826873 1
data 0.945316 0.645515 0
data 0.945316 0.837209 1
data 0.960002 0.655347 0
data 0.960002 0.847545 1
data 0.974689 0.665944 0
data 0.974689 0.857881 1
data 0.989376 0.677319 0
data 0.989376 0.868217 1
data 1.00406 0.689488 0
data 1.00406 0.878553 1
data 1.01875 0.702466 0
data 1.01875 0.888889 1
data 1.03344 0.716266 0
data 1.03344 0.899225 1
data 1.04812 0.730906 0
data 1.04812 0.909561 1
data 1.06281 0.746402 0
data 1.06281 0.925065 1
data 1.0775 0.762767 0
data 1.0775 0.9354 1
data 1.09218 0.780017 0
data 1.09218 0.950904 1
data 1.10687 0.798169 0
data 1.10687 0.966408 1
data 1.12156 0.817237 0
data 1.12156 0.976744 1
data 1.13624 0.837237 0
data 1.13624 0.992248 1
data 1.15093 0.858187 0
data 1.15093 1.00775 1
data 1.16562 0.8801 0
data 1.16562 1.02326 1
data 1.1803 0.902993 0
data 1.1803 1.04393 1
data 1.19499 0.926882 0
data 1.19499 1.05943 1
data 1.20967 0.951783 0
data 1.20967 1.0801 1
data 1.22436 0.977712 0
data 1.22436 1.09561 1
data 1.23905 1.00469 0
data 1.23905 1.11628 1
data 1.25373 1.03272 0
data 1.25373 1.13695 1
data 1.26842 1.06183 0
data 1.26842 1.15762 1
data 1.28311 1.09204 0
data 1.28311 1.17829 1
data 1.29779 1.12335 0
data 1.29779 1.19897 1
data 1.31248 1.15579 0
data 1.31248 1.21964 1
data 1.32717 1.18938 0
data 1.32717 1.24548 1
data 1.34185 1.22412 0
data 1.34185 1.26615 1
data 1.35654 1.26004 0
data 1.35654 1.29199 1
data 1.37123 1.29715 0
data 1.37123 1.31783 1
data 1.38591 1.33548 0
data 1.38591 1.3385 1
data 1.4006 1.37503 0
data 1.4006 1.36434 1
data 1.41529 1.41582 0
data 1.41529 1.39535 1
data 1.42997 1.45788 0
data 1.42997 1.42119 1
data 1.44466 1.50122 0
data 1.44466 1.44703 1
data 1.45935 1.54585 0
data 1.45935 1.47804 1
data 1.47403 1.59179 0
data 1.47403 1.50388 1
data 1.48872 1.63907 0
data 1.48872 1.53488 1
data 1.50341 1.68769 0
data 1.50341 1.56589 1
data 1.51809 1.73769 0
data 1.51809 1.5969 1
data 1.53278 1.78906 0
data 1.53278 1.62791 1
data 1.54747 1.84183 0
data 1.54747 1.65891 1
data 1.56215 1.89602 0
data 1.56215 1.69509 1
data 1.57684 1.95165 0
data 1.57684 1.7261 1
data 1.59153 2.00874 0
data 1.59153 1.76227 1
data 1.60621 2.06729 0
data 1.60621 1.79845 1
data 1.6209 2.12734 0
data 1.6209 1.83463 1
data 1.63559 2.18889 0
data 1.63559 1.8708 1
data 1.65027 2.25198 0
data 1.65027 1.90698 1
data 1.66496 2.3166 0
data 1.66496 1.94832 1
data 1.67965 2.38279 0
data 1.67965 1.98966 1
