min -1.69828 0
max 1.67965 2
step 0.6 0.4
data -1.69828 -0.0803522 0
data -1.69828 0.0206718 1
data -1.68359 -0.035704 0
data -1.68359 0.0516796 1
data -1.6689 0.00784791 0
data -1.6689 0.0878553 1
data -1.65422 0.0503116 0
data -1.65422 0.118863 1
data -1.63953 0.0917045 0
data -1.63953 0.155039 1
data -1.62484 0.132036 0
data -1.62484 0.186046 1
data -1.61016 0.171324 0
data -1.61016 0.217054 1
data -1.59547 0.209578 0
data -1.59547 0.248062 1
data -1.58078 0.246814 0
data -1.58078 0.27907 1
data -1.5661 0.283044 0
data -1.5661 0.310078 1
data -1.55141 0.318279 0
data -1.55141 0.341085 1
data -1.53672 0.352536 0
data -1.53672 0.366925 1
data -1.52204 0.385826 0
data -1.52204 0.392765 1
data -1.50735 0.418162 0
data -1.50735 0.423773 1
data -1.49266 0.449557 0
data -1.49266 0.449612 1
data -1.47798 0.480025 0
data -1.47798 0.475452 1
data -1.46329 0.509577 0
data -1.46329 0.501292 1
data -1.44861 0.538228 0
data -1.44861 0.521964 1
data -1.43392 0.565989 0
data -1.43392 0.547804 1
data -1.41923 0.592873 0
data -1.41923 0.573643 1
data -1.40455 0.618895 0
data -1.40455 0.594315 1
data -1.38986 0.644063 0
data -1.38986 0.614987 1
data -1.37517 0.668394 0
data -1.37517 0.635659 1
data -1.36049 0.6919 0
data -1.36049 0.656331 1
data -1.3458 0.714591 0
data -1.3458 0.677003 1
data -1.33111 0.736482 0
data -1.33111 0.697674 1
data -1.31643 0.757584 0
data -1.31643 0.713178 1
data -1.30174 0.77791 0
data -1.30174 0.73385 1
data -1.28705 0.79747 0
data -1.28705 0.749354 1
data -1.27237 0.81628 0
data -1.27237 0.764858 1
data -1.25768 0.83435 0
data -1.25768 0.78553 1
data -1.24299 0.851694 0
data -1.24299 0.801034 1
data -1.22831 0.868322 0
data -1.22831 0.816537 1
data -1.21362 0.884246 0
data -1.21362 0.832041 1
data -1.19893 0.89948 0
data -1.19893 0.847545 1
data -1.18425 0.914035 0
data -1.18425 0.857881 1
data -1.16956 0.927923 0
data -1.16956 0.873385 1
data -1.15487 0.941155 0
data -1.15487 0.888889 1
data -1.14019 0.953745 0
data -1.14019 0.899225 1
data -1.1255 0.965702 0
data -1.1255 0.909561 1
data -1.11081 0.977037 0
data -1.11081 0.919897 1
data -1.09613 0.987767 0
data -1.09613 0.9354 1
data -1.08144 0.9979 0
data -1.08144 0.945736 1
data -1.06675 1.00745 0
data -1.06675 0.956072 1
data -1.05207 1.01642 0
data -1.05207 0.966408 1
data -1.03738 1.02483 0
data -1.03738 0.971576 1
data -1.02269 1.03269 0
data -1.02269 0.981912 1
data -1.00801 1.04001 0
data -1.00801 0.992248 1
data -0.99332 1.0468 0
data -0.99332 0.997416 1
data -0.978633 1.05308 0
data -0.978633 1.00775 1
data -0.963946 1.05885 0
data -0.963946 1.01292 1
data -0.934573 1.06892 0
data -0.934573 1.02842 1
data -0.919886 1.07324 0
data -0.919886 1.03359 1
data -0.9052 1.07709 0
data -0.9052 1.03876 1
data -0.890513 1.0805 0
data -0.890513 1.04393 1
data -0.875827 1.08346 0
data -0.875827 1.0491 1
data -0.86114 1.086 0
data -0.86114 1.05426 1
data -0.846453 1.08812 0
data -0.846453 1.05426 1
data -0.831767 1.08983 0
data -0.831767 1.05943 1
data -0.802393 1.09207 0
data -0.802393 1.0646 1
data -0.787707 1.09262 0
data -0.787707 1.06977 1
data -0.77302 1.09281 0
data -0.77302 1.06977 1
data -0.743647 1.09212 0
data -0.743647 1.07494 1
data -0.72896 1.09127 0
data -0.72896 1.07494 1
data -0.714274 1.09009 0
data -0.714274 1.07494 1
data -0.699587 1.0886 0
data -0.699587 1.07494 1
data -0.6849 1.08681 0
data -0.6849 1.07494 1
data -0.64084 1.0797 0
data -0.64084 1.07494 1
data -0.626154 1.07678 0
data -0.626154 1.07494 1
data -0.611467 1.07361 0
data -0.611467 1.07494 1
data -0.596781 1.0702 0
data -0.596781 1.07494 1
data -0.582094 1.06655 0
data -0.582094 1.06977 1
data -0.567407 1.06267 0
data -0.567407 1.06977 1
data -0.538034 1.05428 0
data -0.538034 1.0646 1
data -0.523347 1.04978 0
data -0.523347 1.0646 1
data -0.508661 1.04509 0
data -0.508661 1.05943 1
data -0.493974 1.04022 0
data -0.493974 1.05943 1
data -0.479287 1.03518 0
data -0.479287 1.05426 1
data -0.449914 1.02463 0
data -0.449914 1.0491 1
data -0.435228 1.01913 0
data -0.435228 1.04393 1
data -0.420541 1.0135 0
data -0.420541 1.03876 1
data -0.391168 1.00188 0
data -0.391168 1.03359 1
data -0.376481 0.995894 0
data -0.376481 1.02842 1
data -0.361794 0.989813 0
data -0.361794 1.02326 1
data -0.347108 0.983641 0
data -0.347108 1.01809 1
data -0.332421 0.977387 0
data -0.332421 1.01292 1
data -0.317735 0.971058 0
data -0.317735 1.00775 1
data -0.303048 0.964664 0
data -0.303048 1.00258 1
data -0.288361 0.958211 0
data -0.288361 0.997416 1
data -0.273675 0.95171 0
data -0.273675 0.992248 1
data -0.258988 0.945167 0
data -0.258988 0.98708 1
data -0.244301 0.938592 0
data -0.244301 0.981912 1
data -0.229615 0.931991 0
data -0.229615 0.976744 1
data -0.214928 0.925372 0
data -0.214928 0.971576 1
data -0.200242 0.918744 0
data -0.200242 0.966408 1
data -0.185555 0.912115 0
data -0.185555 0.96124 1
data -0.170868 0.90549 0
data -0.170868 0.956072 1
data -0.156182 0.898881 0
data -0.156182 0.950904 1
data -0.126808 0.885732 0
data -0.126808 0.9354 1
data -0.112122 0.879207 0
data -0.112122 0.930233 1
data -0.0974352 0.872728 0
data -0.0974352 0.925065 1
data -0.0827484 0.866297 0
data -0.0827484 0.919897 1
data -0.0680619 0.859925 0
data -0.0680619 0.914729 1
data -0.0533753 0.853618 0
data -0.0533753 0.909561 1
data -0.0386885 0.847382 0
data -0.0386885 0.899225 1
data -0.024002 0.841226 0
data -0.024002 0.894057 1
data -0.00931539 0.835156 0
data -0.00931539 0.888889 1
data 0.00537135 0.829177 0
data 0.00537135 0.883721 1
data 0.0200579 0.823299 0
data 0.0200579 0.878553 1
data 0.0347445 0.817526 0
data 0.0347445 0.873385 1
data 0.0494312 0.811866 0
data 0.0494312 0.868217 1
data 0.0641178 0.806325 0
data 0.0641178 0.857881 1
data 0.0788045 0.800909 0
data 0.0788045 0.852713 1
data 0.0934911 0.795625 0
data 0.0934911 0.847545 1
data 0.108178 0.79048 0
data 0.108178 0.842377 1
data 0.122864 0.785478 0
data 0.122864 0.837209 1
data 0.137551 0.780627 0
data 0.137551 0.832041 1
data 0.152238 0.775932 0
data 0.152238 0.826873 1
data 0.166924 0.771398 0
data 0.166924 0.821705 1
data 0.181611 0.767034 0
data 0.181611 0.816537 1
data 0.196297 0.762844 0
data 0.196297 0.81137 1
data 0.210984 0.758832 0
data 0.210984 0.806202 1
data 0.225671 0.755006 0
data 0.225671 0.801034 1
data 0.240357 0.751371 0
data 0.240357 0.795866 1
data 0.255044 0.747932 0
data 0.255044 0.790698 1
data 0.269731 0.744695 0
data 0.269731 0.78553 1
data 0.284417 0.741664 0
data 0.284417 0.780362 1
data 0.299104 0.738846 0
data 0.299104 0.775194 1
data 0.313791 0.736245 0
data 0.313791 0.775194 1
data 0.328477 0.733866 0
data 0.328477 0.770026 1
data 0.343164 0.731714 0
data 0.343164 0.764858 1
data 0.35785 0.729795 0
data 0.35785 0.75969 1
data 0.372537 0.728112 0
data 0.372537 0.75969 1
data 0.387224 0.72667 0
data 0.387224 0.754522 1
data 0.416597 0.724531 0
data 0.416597 0.749354 1
data 0.431284 0.723842 0
data 0.431284 0.749354 1
data 0.44597 0.723412 0
data 0.44597 0.744186 1
data 0.475343 0.723348 0
data 0.475343 0.739018 1
data 0.49003 0.723723 0
data 0.49003 0.739018 1
data 0.53409 0.726517 0
data 0.53409 0.73385 1
data 0.548777 0.728018 0
data 0.548777 0.73385 1
data 0.563463 0.729812 0
data 0.563463 0.73385 1
data 0.57815 0.731899 0
data 0.57815 0.73385 1
data 0.592837 0.734286 0
data 0.592837 0.73385 1
data 0.607523 0.736975 0
data 0.607523 0.73385 1
data 0.62221 0.739967 0
data 0.62221 0.73385 1
data 0.651583 0.746882 0
data 0.651583 0.739018 1
data 0.66627 0.750808 0
data 0.66627 0.739018 1
data 0.680956 0.755052 0
data 0.680956 0.739018 1
data 0.695643 0.759617 0
data 0.695643 0.744186 1
data 0.710329 0.764505 0
data 0.710329 0.744186 1
data 0.725016 0.769717 0
data 0.725016 0.749354 1
data 0.754389 0.781132 0
data 0.754389 0.754522 1
data 0.769076 0.787336 0
data 0.769076 0.75969 1
data 0.783763 0.793879 0
data 0.783763 0.764858 1
data 0.798449 0.800756 0
data 0.798449 0.770026 1
data 0.813136 0.807974 0
data 0.813136 0.775194 1
data 0.827823 0.815534 0
data 0.827823 0.780362 1
data 0.842509 0.823437 0
data 0.842509 0.78553 1
data 0.857196 0.831686 0
data 0.857196 0.790698 1
data 0.871883 0.840282 0
data 0.871883 0.795866 1
data 0.886569 0.849226 0
data 0.886569 0.806202 1
data 0.901256 0.858523 0
data 0.901256 0.81137 1
data 0.915942 0.86817 0
data 0.915942 0.821705 1
data 0.930629 0.878169 0
data 0.930629 0.826873 1
data 0.945316 0.888525 0
data 0.945316 0.837209 1
data 0.960002 0.899236 0
data 0.960002 0.847545 1
data 0.974689 0.910304 0
data 0.974689 0.857881 1
data 0.989376 0.921727 0
data 0.989376 0.868217 1
data 1.00406 0.933511 0
data 1.00406 0.878553 1
data 1.01875 0.945654 0
data 1.01875 0.888889 1
data 1.03344 0.958156 0
data 1.03344 0.899225 1
data 1.04812 0.971017 0
data 1.04812 0.909561 1
data 1.06281 0.984243 0
data 1.06281 0.925065 1
data 1.0775 0.997829 0
data 1.0775 0.9354 1
data 1.09218 1.01177 0
data 1.09218 0.950904 1
data 1.10687 1.02608 0
data 1.10687 0.966408 1
data 1.12156 1.04075 0
data 1.12156 0.976744 1
data 1.13624 1.05579 0
data 1.13624 0.992248 1
data 1.15093 1.07118 0
data 1.15093 1.00775 1
data 1.16562 1.08693 0
data 1.16562 1.02326 1
data 1.1803 1.10305 0
data 1.1803 1.04393 1
data 1.19499 1.11953 0
data 1.19499 1.05943 1
data 1.20967 1.13637 0
data 1.20967 1.0801 1
data 1.22436 1.15356 0
data 1.22436 1.09561 1
data 1.23905 1.17112 0
data 1.23905 1.11628 1
data 1.25373 1.18903 0
data 1.25373 1.13695 1
data 1.26842 1.2073 0
data 1.26842 1.15762 1
data 1.28311 1.22593 0
data 1.28311 1.17829 1
data 1.29779 1.24491 0
data 1.29779 1.19897 1
data 1.31248 1.26425 0
data 1.31248 1.21964 1
data 1.32717 1.28393 0
data 1.32717 1.24548 1
data 1.34185 1.30397 0
data 1.34185 1.26615 1
data 1.35654 1.32436 0
data 1.35654 1.29199 1
data 1.37123 1.34509 0
data 1.37123 1.31783 1
data 1.38591 1.36617 0
data 1.38591 1.3385 1
data 1.4006 1.38759 0
data 1.4006 1.36434 1
data 1.41529 1.40936 0
data 1.41529 1.39535 1
data 1.42997 1.43146 0
data 1.42997 1.42119 1
data 1.44466 1.4539 0
data 1.44466 1.44703 1
data 1.45935 1.47668 0
data 1.45935 1.47804 1
data 1.47403 1.49979 0
data 1.47403 1.50388 1
data 1.48872 1.52323 0
data 1.48872 1.53488 1
data 1.50341 1.547 0
data 1.50341 1.56589 1
data 1.51809 1.57109 0
data 1.51809 1.5969 1
data 1.53278 1.5955 0
data 1.53278 1.62791 1
data 1.54747 1.62023 0
data 1.54747 1.65891 1
data 1.56215 1.64528 0
data 1.56215 1.69509 1
data 1.57684 1.67064 0
data 1.57684 1.7261 1
data 1.59153 1.69631 0
data 1.59153 1.76227 1
data 1.60621 1.72228 0
data 1.60621 1.79845 1
data 1.6209 1.74856 0
data 1.6209 1.83463 1
data 1.63559 1.77514 0
data 1.63559 1.8708 1
data 1.65027 1.80201 0
data 1.65027 1.90698 1
data 1.66496 1.82917 0
data 1.66496 1.94832 1
data 1.67965 1.85662 0
data 1.67965 1.98966 1
