min -1.69828 0
max 1.67965 2
step 0.6 0.4
data -1.69828 -0.0156722 0
data -1.69828 0.0206718 1
data -1.68359 0.0208001 0
data -1.68359 0.0516796 1
data -1.6689 0.056704 0
data -1.6689 0.0878553 1
data -1.65422 0.0920281 0
data -1.65422 0.118863 1
data -1.63953 0.126761 0
data -1.63953 0.155039 1
data -1.62484 0.160887 0
data -1.62484 0.186046 1
data -1.61016 0.194397 0
data -1.61016 0.217054 1
data -1.59547 0.227284 0
data -1.59547 0.248062 1
data -1.58078 0.259541 0
data -1.58078 0.27907 1
data -1.5661 0.291148 0
data -1.5661 0.310078 1
data -1.55141 0.322111 0
data -1.55141 0.341085 1
data -1.53672 0.352418 0
data -1.53672 0.366925 1
data -1.52204 0.382062 0
data -1.52204 0.392765 1
data -1.50735 0.411043 0
data -1.50735 0.423773 1
data -1.49266 0.439353 0
data -1.49266 0.449612 1
data -1.47798 0.466992 0
data -1.47798 0.475452 1
data -1.46329 0.493955 0
data -1.46329 0.501292 1
data -1.44861 0.52024 0
data -1.44861 0.521964 1
data -1.43392 0.545848 0
data -1.43392 0.547804 1
data -1.41923 0.570776 0
data -1.41923 0.573643 1
data -1.40455 0.595028 0
data -1.40455 0.594315 1
data -1.38986 0.618598 0
data -1.38986 0.614987 1
data -1.37517 0.64149 0
data -1.37517 0.635659 1
data -1.36049 0.66371 0
data -1.36049 0.656331 1
data -1.3458 0.685253 0
data -1.3458 0.677003 1
data -1.33111 0.706129 0
data -1.33111 0.697674 1
data -1.31643 0.72634 0
data -1.31643 0.713178 1
data -1.30174 0.745886 0
data -1.30174 0.73385 1
data -1.28705 0.764769 0
data -1.28705 0.749354 1
data -1.27237 0.783003 0
data -1.27237 0.764858 1
data -1.25768 0.800583 0
data -1.25768 0.78553 1
data -1.24299 0.817525 0
data -1.24299 0.801034 1
data -1.22831 0.833832 0
data -1.22831 0.816537 1
data -1.21362 0.849504 0
data -1.21362 0.832041 1
data -1.19893 0.86455 0
data -1.19893 0.847545 1
data -1.18425 0.878978 0
data -1.18425 0.857881 1
data -1.16956 0.892799 0
data -1.16956 0.873385 1
data -1.15487 0.906017 0
data -1.15487 0.888889 1
data -1.14019 0.918642 0
data -1.14019 0.899225 1
data -1.1255 0.930681 0
data -1.1255 0.909561 1
data -1.11081 0.942139 0
data -1.11081 0.919897 1
data -1.09613 0.953031 0
data -1.09613 0.9354 1
data -1.08144 0.963363 0
data -1.08144 0.945736 1
data -1.06675 0.973144 0
data -1.06675 0.956072 1
data -1.05207 0.982386 0
data -1.05207 0.966408 1
data -1.03738 0.991092 0
data -1.03738 0.971576 1
data -1.02269 0.999279 0
data -1.02269 0.981912 1
data -1.00801 1.00695 0
data -1.00801 0.992248 1
data -0.99332 1.01413 0
data -0.99332 0.997416 1
data -0.978633 1.02081 0
data -0.978633 1.00775 1
data -0.963946 1.02701 0
data -0.963946 1.01292 1
data -0.934573 1.03801 0
data -0.934573 1.02842 1
data -0.919886 1.04283 0
data -0.919886 1.03359 1
data -0.9052 1.04721 0
data -0.9052 1.03876 1
data -0.890513 1.05117 0
data -0.890513 1.04393 1
data -0.875827 1.0547 0
data -0.875827 1.0491 1
data -0.86114 1.05783 0
data -0.86114 1.05426 1
data -0.846453 1.06057 0
data -0.846453 1.05426 1
data -0.831767 1.06292 0
data -0.831767 1.05943 1
data -0.802393 1.06651 0
data -0.802393 1.0646 1
data -0.787707 1.06777 0
data -0.787707 1.06977 1
data -0.77302 1.06869 0
data -0.77302 1.06977 1
data -0.743647 1.06956 0
data -0.743647 1.07494 1
data -0.72896 1.06952 0
data -0.72896 1.07494 1
data -0.714274 1.06919 0
data -0.714274 1.07494 1
data -0.699587 1.06857 0
data -0.699587 1.07494 1
data -0.6849 1.06768 0
data -0.6849 1.07494 1
data -0.64084 1.06344 0
data -0.64084 1.07494 1
data -0.626154 1.06155 0
data -0.626154 1.07494 1
data -0.611467 1.05943 0
data -0.611467 1.07494 1
data -0.596781 1.0571 0
data -0.596781 1.07494 1
data -0.582094 1.05456 0
data -0.582094 1.06977 1
data -0.567407 1.05183 0
data -0.567407 1.06977 1
data -0.538034 1.04583 0
data -0.538034 1.0646 1
data -0.523347 1.04257 0
data -0.523347 1.0646 1
data -0.508661 1.03916 0
data -0.508661 1.05943 1
data -0.493974 1.03559 0
data -0.493974 1.05943 1
data -0.479287 1.0319 0
data -0.479287 1.05426 1
data -0.449914 1.02412 0
data -0.449914 1.0491 1
data -0.435228 1.02005 0
data -0.435228 1.04393 1
data -0.420541 1.01589 0
data -0.420541 1.03876 1
data -0.391168 1.00728 0
data -0.391168 1.03359 1
data -0.376481 1.00284 0
data -0.376481 1.02842 1
data -0.361794 0.998345 0
data -0.361794 1.02326 1
data -0.347108 0.993776 0
data -0.347108 1.01809 1
data -0.332421 0.989151 0
data -0.332421 1.01292 1
data -0.317735 0.984474 0
data -0.317735 1.00775 1
data -0.303048 0.979751 0
data -0.303048 1.00258 1
data -0.288361 0.974995 0
data -0.288361 0.997416 1
data -0.273675 0.970205 0
data -0.273675 0.992248 1
data -0.258988 0.965393 0
data -0.258988 0.98708 1
data -0.244301 0.960562 0
data -0.244301 0.981912 1
data -0.229615 0.95572 0
data -0.229615 0.976744 1
data -0.214928 0.950871 0
data -0.214928 0.971576 1
data -0.200242 0.946019 0
data -0.200242 0.966408 1
data -0.185555 0.941173 0
data -0.185555 0.96124 1
data -0.170868 0.936339 0
data -0.170868 0.956072 1
data -0.156182 0.931518 0
data -0.156182 0.950904 1
data -0.126808 0.92194 0
data -0.126808 0.9354 1
data -0.112122 0.917191 0
data -0.112122 0.930233 1
data -0.0974352 0.912477 0
data -0.0974352 0.925065 1
data -0.0827484 0.907804 0
data -0.0827484 0.919897 1
data -0.0680619 0.903168 0
data -0.0680619 0.914729 1
data -0.0533753 0.89858 0
data -0.0533753 0.909561 1
data -0.0386885 0.894037 0
data -0.0386885 0.899225 1
data -0.024002 0.889555 0
data -0.024002 0.894057 1
data -0.00931539 0.885123 0
data -0.00931539 0.888889 1
data 0.00537135 0.880751 0
data 0.00537135 0.883721 1
data 0.0200579 0.876441 0
data 0.0200579 0.878553 1
data 0.0347445 0.872201 0
data 0.0347445 0.873385 1
data 0.0494312 0.868024 0
data 0.0494312 0.868217 1
data 0.0641178 0.863922 0
data 0.0641178 0.857881 1
data 0.0788045 0.859892 0
data 0.0788045 0.852713 1
data 0.0934911 0.855938 0
data 0.0934911 0.847545 1
data 0.108178 0.852064 0
data 0.108178 0.842377 1
data 0.122864 0.848271 0
data 0.122864 0.837209 1
data 0.137551 0.844557 0
data 0.137551 0.832041 1
data 0.152238 0.84093 0
data 0.152238 0.826873 1
data 0.166924 0.837391 0
data 0.166924 0.821705 1
data 0.181611 0.833942 0
data 0.181611 0.816537 1
data 0.196297 0.830584 0
data 0.196297 0.81137 1
data 0.210984 0.827316 0
data 0.210984 0.806202 1
data 0.225671 0.824144 0
data 0.225671 0.801034 1
data 0.240357 0.821069 0
data 0.240357 0.795866 1
data 0.255044 0.818089 0
data 0.255044 0.790698 1
data 0.269731 0.815211 0
data 0.269731 0.78553 1
data 0.284417 0.812432 0
data 0.284417 0.780362 1
data 0.299104 0.809756 0
data 0.299104 0.775194 1
data 0.313791 0.807184 0
data 0.313791 0.775194 1
data 0.328477 0.80472 0
data 0.328477 0.770026 1
data 0.343164 0.802361 0
data 0.343164 0.764858 1
data 0.35785 0.800112 0
data 0.35785 0.75969 1
data 0.372537 0.797974 0
data 0.372537 0.75969 1
data 0.387224 0.795949 0
data 0.387224 0.754522 1
data 0.416597 0.792246 0
data 0.416597 0.749354 1
data 0.431284 0.790572 0
data 0.431284 0.749354 1
data 0.44597 0.789018 0
data 0.44597 0.744186 1
data 0.475343 0.786282 0
data 0.475343 0.739018 1
data 0.49003 0.785103 0
data 0.49003 0.739018 1
data 0.53409 0.782362 0
data 0.53409 0.73385 1
data 0.548777 0.781726 0
data 0.548777 0.73385 1
data 0.563463 0.781231 0
data 0.563463 0.73385 1
data 0.57815 0.780882 0
data 0.57815 0.73385 1
data 0.592837 0.780685 0
data 0.592837 0.73385 1
data 0.607523 0.780643 0
data 0.607523 0.73385 1
data 0.62221 0.780758 0
data 0.62221 0.73385 1
data 0.651583 0.781489 0
data 0.651583 0.739018 1
data 0.66627 0.782111 0
data 0.66627 0.739018 1
data 0.680956 0.782914 0
data 0.680956 0.739018 1
data 0.695643 0.783901 0
data 0.695643 0.744186 1
data 0.710329 0.785084 0
data 0.710329 0.744186 1
data 0.725016 0.786461 0
data 0.725016 0.749354 1
data 0.754389 0.78985 0
data 0.754389 0.754522 1
data 0.769076 0.791869 0
data 0.769076 0.75969 1
data 0.783763 0.794118 0
data 0.783763 0.764858 1
data 0.798449 0.796609 0
data 0.798449 0.770026 1
data 0.813136 0.799345 0
data 0.813136 0.775194 1
data 0.827823 0.80234 0
data 0.827823 0.780362 1
data 0.842509 0.805602 0
data 0.842509 0.78553 1
data 0.857196 0.809149 0
data 0.857196 0.790698 1
data 0.871883 0.812981 0
data 0.871883 0.795866 1
data 0.886569 0.817117 0
data 0.886569 0.806202 1
data 0.901256 0.821571 0
data 0.901256 0.81137 1
data 0.915942 0.826354 0
data 0.915942 0.821705 1
data 0.930629 0.831479 0
data 0.930629 0.826873 1
data 0.945316 0.836965 0
data 0.945316 0.837209 1
data 0.960002 0.842816 0
data 0.960002 0.847545 1
data 0.974689 0.849066 0
data 0.974689 0.857881 1
data 0.989376 0.855714 0
data 0.989376 0.868217 1
data 1.00406 0.86279 0
data 1.00406 0.878553 1
data 1.01875 0.870309 0
data 1.01875 0.888889 1
data 1.03344 0.878286 0
data 1.03344 0.899225 1
data 1.04812 0.886751 0
data 1.04812 0.909561 1
data 1.06281 0.895708 0
data 1.06281 0.925065 1
data 1.0775 0.905189 0
data 1.0775 0.9354 1
data 1.09218 0.915223 0
data 1.09218 0.950904 1
data 1.10687 0.925822 0
data 1.10687 0.966408 1
data 1.12156 0.937016 0
data 1.12156 0.976744 1
data 1.13624 0.948826 0
data 1.13624 0.992248 1
data 1.15093 0.961286 0
data 1.15093 1.00775 1
data 1.16562 0.974415 0
data 1.16562 1.02326 1
data 1.1803 0.988252 0
data 1.1803 1.04393 1
data 1.19499 1.00281 0
data 1.19499 1.05943 1
data 1.20967 1.01814 0
data 1.20967 1.0801 1
data 1.22436 1.03425 0
data 1.22436 1.09561 1
data 1.23905 1.05119 0
data 1.23905 1.11628 1
data 1.25373 1.069 0
data 1.25373 1.13695 1
data 1.26842 1.0877 0
data 1.26842 1.15762 1
data 1.28311 1.10732 0
data 1.28311 1.17829 1
data 1.29779 1.12792 0
data 1.29779 1.19897 1
data 1.31248 1.14953 0
data 1.31248 1.21964 1
data 1.32717 1.17219 0
data 1.32717 1.24548 1
data 1.34185 1.19593 0
data 1.34185 1.26615 1
data 1.35654 1.22081 0
data 1.35654 1.29199 1
data 1.37123 1.24686 0
data 1.37123 1.31783 1
data 1.38591 1.27413 0
data 1.38591 1.3385 1
data 1.4006 1.30267 0
data 1.4006 1.36434 1
data 1.41529 1.33252 0
data 1.41529 1.39535 1
data 1.42997 1.36378 0
data 1.42997 1.42119 1
data 1.44466 1.39641 0
data 1.44466 1.44703 1
data 1.45935 1.43054 0
data 1.45935 1.47804 1
data 1.47403 1.46619 0
data 1.47403 1.50388 1
data 1.48872 1.50341 0
data 1.48872 1.53488 1
data 1.50341 1.54229 0
data 1.50341 1.56589 1
data 1.51809 1.58288 0
data 1.51809 1.5969 1
data 1.53278 1.62522 0
data 1.53278 1.62791 1
data 1.54747 1.66939 0
data 1.54747 1.65891 1
data 1.56215 1.71545 0
data 1.56215 1.69509 1
data 1.57684 1.76348 0
data 1.57684 1.7261 1
data 1.59153 1.8135 0
data 1.59153 1.76227 1
data 1.60621 1.86564 0
data 1.60621 1.79845 1
data 1.6209 1.91996 0
data 1.6209 1.83463 1
data 1.63559 1.97653 0
data 1.63559 1.8708 1
data 1.65027 2.0354 0
data 1.65027 1.90698 1
data 1.66496 2.09666 0
data 1.66496 1.94832 1
data 1.67965 2.16042 0
data 1.67965 1.98966 1
