min -1.69828 0
max 1.67965 2
step 0.6 0.4
data -1.69828 0.206124 0
data -1.69828 0.0206718 1
data -1.68359 0.229873 0
data -1.68359 0.0516796 1
data -1.6689 0.253292 0
data -1.6689 0.0878553 1
data -1.65422 0.276371 0
data -1.65422 0.118863 1
data -1.63953 0.299103 0
data -1.63953 0.155039 1
data -1.62484 0.321477 0
data -1.62484 0.186046 1
data -1.61016 0.34349 0
data -1.61016 0.217054 1
data -1.59547 0.365134 0
data -1.59547 0.248062 1
data -1.58078 0.38641 0
data -1.58078 0.27907 1
data -1.5661 0.407304 0
data -1.5661 0.310078 1
data -1.55141 0.427816 0
data -1.55141 0.341085 1
data -1.53672 0.447939 0
data -1.53672 0.366925 1
data -1.52204 0.467673 0
data -1.52204 0.392765 1
data -1.50735 0.487012 0
data -1.50735 0.423773 1
data -1.49266 0.505956 0
data -1.49266 0.449612 1
data -1.47798 0.524502 0
data -1.47798 0.475452 1
data -1.46329 0.542645 0
data -1.46329 0.501292 1
data -1.44861 0.560388 0
data -1.44861 0.521964 1
data -1.43392 0.577728 0
data -1.43392 0.547804 1
data -1.41923 0.594663 0
data -1.41923 0.573643 1
data -1.40455 0.611196 0
data -1.40455 0.594315 1
data -1.38986 0.627324 0
data -1.38986 0.614987 1
data -1.37517 0.643047 0
data -1.37517 0.635659 1
data -1.36049 0.658372 0
data -1.36049 0.656331 1
data -1.3458 0.67329 0
data -1.3458 0.677003 1
data -1.33111 0.68781 0
data -1.33111 0.697674 1
data -1.31643 0.701936 0
data -1.31643 0.713178 1
data -1.30174 0.715661 0
data -1.30174 0.73385 1
data -1.28705 0.728992 0
data -1.28705 0.749354 1
data -1.27237 0.741933 0
data -1.27237 0.764858 1
data -1.25768 0.754482 0
data -1.25768 0.78553 1
data -1.24299 0.766649 0
data -1.24299 0.801034 1
data -1.22831 0.778433 0
data -1.22831 0.816537 1
data -1.21362 0.789838 0
data -1.21362 0.832041 1
data -1.19893 0.800866 0
data -1.19893 0.847545 1
data -1.18425 0.811523 0
data -1.18425 0.857881 1
data -1.16956 0.821814 0
data -1.16956 0.873385 1
data -1.15487 0.83174 0
data -1.15487 0.888889 1
data -1.14019 0.84131 0
data -1.14019 0.899225 1
data -1.1255 0.850527 0
data -1.1255 0.909561 1
data -1.11081 0.859391 0
data -1.11081 0.919897 1
data -1.09613 0.867911 0
data -1.09613 0.9354 1
data -1.08144 0.876094 0
data -1.08144 0.945736 1
data -1.06675 0.883939 0
data -1.06675 0.956072 1
data -1.05207 0.891461 0
data -1.05207 0.966408 1
data -1.03738 0.898655 0
data -1.03738 0.971576 1
data -1.02269 0.905532 0
data -1.02269 0.981912 1
data -1.00801 0.912097 0
data -1.00801 0.992248 1
data -0.99332 0.918355 0
data -0.99332 0.997416 1
data -0.978633 0.924312 0
data -0.978633 1.00775 1
data -0.963946 0.929972 0
data -0.963946 1.01292 1
data -0.934573 0.940433 0
data -0.934573 1.02842 1
data -0.919886 0.945243 0
data -0.919886 1.03359 1
data -0.9052 0.949783 0
data -0.9052 1.03876 1
data -0.890513 0.954057 0
data -0.890513 1.04393 1
data -0.875827 0.958068 0
data -0.875827 1.0491 1
data -0.86114 0.961827 0
data -0.86114 1.05426 1
data -0.846453 0.965338 0
data -0.846453 1.05426 1
data -0.831767 0.968607 0
data -0.831767 1.05943 1
data -0.802393 0.974446 0
data -0.802393 1.0646 1
data -0.787707 0.977027 0
data -0.787707 1.06977 1
data -0.77302 0.979389 0
data -0.77302 1.06977 1
data -0.743647 0.983485 0
data -0.743647 1.07494 1
data -0.72896 0.985229 0
data -0.72896 1.07494 1
data -0.714274 0.986778 0
data -0.714274 1.07494 1
data -0.699587 0.988141 0
data -0.699587 1.07494 1
data -0.6849 0.989319 0
data -0.6849 1.07494 1
data -0.64084 0.991813 0
data -0.64084 1.07494 1
data -0.626154 0.992318 0
data -0.626154 1.07494 1
data -0.611467 0.992666 0
data -0.611467 1.07494 1
data -0.596781 0.992864 0
data -0.596781 1.07494 1
data -0.582094 0.992914 0
data -0.582094 1.06977 1
data -0.567407 0.992827 0
data -0.567407 1.06977 1
data -0.538034 0.992254 0
data -0.538034 1.0646 1
data -0.523347 0.991777 0
data -0.523347 1.0646 1
data -0.508661 0.991181 0
data -0.508661 1.05943 1
data -0.493974 0.990469 0
data -0.493974 1.05943 1
data -0.479287 0.989644 0
data -0.479287 1.05426 1
data -0.449914 0.987681 0
data -0.449914 1.0491 1
data -0.435228 0.986551 0
data -0.435228 1.04393 1
data -0.420541 0.985326 0
data -0.420541 1.03876 1
data -0.391168 0.982611 0
data -0.391168 1.03359 1
data -0.376481 0.981128 0
data -0.376481 1.02842 1
data -0.361794 0.979568 0
data -0.361794 1.02326 1
data -0.347108 0.977931 0
data -0.347108 1.01809 1
data -0.332421 0.976222 0
data -0.332421 1.01292 1
data -0.317735 0.974448 0
data -0.317735 1.00775 1
data -0.303048 0.972606 0
data -0.303048 1.00258 1
data -0.288361 0.970703 0
data -0.288361 0.997416 1
data -0.273675 0.968741 0
data -0.273675 0.992248 1
data -0.258988 0.966725 0
data -0.258988 0.98708 1
data -0.244301 0.964654 0
data -0.244301 0.981912 1
data -0.229615 0.962532 0
data -0.229615 0.976744 1
data -0.214928 0.960365 0
data -0.214928 0.971576 1
data -0.200242 0.958151 0
data -0.200242 0.966408 1
data -0.185555 0.955893 0
data -0.185555 0.96124 1
data -0.170868 0.953597 0
data -0.170868 0.956072 1
data -0.156182 0.951261 0
data -0.156182 0.950904 1
data -0.126808 0.946484 0
data -0.126808 0.9354 1
data -0.112122 0.944046 0
data -0.112122 0.930233 1
data -0.0974352 0.941578 0
data -0.0974352 0.925065 1
data -0.0827484 0.939083 0
data -0.0827484 0.919897 1
data -0.0680619 0.936559 0
data -0.0680619 0.914729 1
data -0.0533753 0.93401 0
data -0.0533753 0.909561 1
data -0.0386885 0.931437 0
data -0.0386885 0.899225 1
data -0.024002 0.928844 0
data -0.024002 0.894057 1
data -0.00931539 0.92623 0
data -0.00931539 0.888889 1
data 0.00537135 0.923596 0
data 0.00537135 0.883721 1
data 0.0200579 0.920945 0
data 0.0200579 0.878553 1
data 0.0347445 0.918277 0
data 0.0347445 0.873385 1
data 0.0494312 0.915595 0
data 0.0494312 0.868217 1
data 0.0641178 0.912897 0
data 0.0641178 0.857881 1
data 0.0788045 0.910189 0
data 0.0788045 0.852713 1
data 0.0934911 0.907468 0
data 0.0934911 0.847545 1
data 0.108178 0.904738 0
data 0.108178 0.842377 1
data 0.122864 0.902 0
data 0.122864 0.837209 1
data 0.137551 0.899252 0
data 0.137551 0.832041 1
data 0.152238 0.896499 0
data 0.152238 0.826873 1
data 0.166924 0.893741 0
data 0.166924 0.821705 1
data 0.181611 0.890981 0
data 0.181611 0.816537 1
data 0.196297 0.888215 0
data 0.196297 0.81137 1
data 0.210984 0.88545 0
data 0.210984 0.806202 1
data 0.225671 0.882686 0
data 0.225671 0.801034 1
data 0.240357 0.879924 0
data 0.240357 0.795866 1
data 0.255044 0.877163 0
data 0.255044 0.790698 1
data 0.269731 0.87441 0
data 0.269731 0.78553 1
data 0.284417 0.871662 0
data 0.284417 0.780362 1
data 0.299104 0.868923 0
data 0.299104 0.775194 1
data 0.313791 0.866196 0
data 0.313791 0.775194 1
data 0.328477 0.863482 0
data 0.328477 0.770026 1
data 0.343164 0.860782 0
data 0.343164 0.764858 1
data 0.35785 0.858099 0
data 0.35785 0.75969 1
data 0.372537 0.855437 0
data 0.372537 0.75969 1
data 0.387224 0.852798 0
data 0.387224 0.754522 1
data 0.416597 0.847598 0
data 0.416597 0.749354 1
data 0.431284 0.845044 0
data 0.431284 0.749354 1
data 0.44597 0.842526 0
data 0.44597 0.744186 1
data 0.475343 0.83761 0
data 0.475343 0.739018 1
data 0.49003 0.83522 0
data 0.49003 0.739018 1
data 0.53409 0.828377 0
data 0.53409 0.73385 1
data 0.548777 0.826225 0
data 0.548777 0.73385 1
data 0.563463 0.824143 0
data 0.563463 0.73385 1
data 0.57815 0.822138 0
data 0.57815 0.73385 1
data 0.592837 0.820219 0
data 0.592837 0.73385 1
data 0.607523 0.818392 0
data 0.607523 0.73385 1
data 0.62221 0.816663 0
data 0.62221 0.73385 1
data 0.651583 0.813531 0
data 0.651583 0.739018 1
data 0.66627 0.812143 0
data 0.66627 0.739018 1
data 0.680956 0.810888 0
data 0.680956 0.739018 1
data 0.695643 0.809771 0
data 0.695643 0.744186 1
data 0.710329 0.808806 0
data 0.710329 0.744186 1
data 0.725016 0.808 0
data 0.725016 0.749354 1
data 0.754389 0.806916 0
data 0.754389 0.754522 1
data 0.769076 0.806659 0
data 0.769076 0.75969 1
data 0.783763 0.806607 0
data 0.783763 0.764858 1
data 0.798449 0.806778 0
data 0.798449 0.770026 1
data 0.813136 0.807181 0
data 0.813136 0.775194 1
data 0.827823 0.80783 0
data 0.827823 0.780362 1
data 0.842509 0.808743 0
data 0.842509 0.78553 1
data 0.857196 0.809936 0
data 0.857196 0.790698 1
data 0.871883 0.811422 0
data 0.871883 0.795866 1
data 0.886569 0.813219 0
data 0.886569 0.806202 1
data 0.901256 0.815346 0
data 0.901256 0.81137 1
data 0.915942 0.817823 0
data 0.915942 0.821705 1
data 0.930629 0.820665 0
data 0.930629 0.826873 1
data 0.945316 0.823898 0
data 0.945316 0.837209 1
data 0.960002 0.827534 0
data 0.960002 0.847545 1
data 0.974689 0.831605 0
data 0.974689 0.857881 1
data 0.989376 0.836124 0
data 0.989376 0.868217 1
data 1.00406 0.841123 0
data 1.00406 0.878553 1
data 1.01875 0.846622 0
data 1.01875 0.888889 1
data 1.03344 0.852645 0
data 1.03344 0.899225 1
data 1.04812 0.859225 0
data 1.04812 0.909561 1
data 1.06281 0.866381 0
data 1.06281 0.925065 1
data 1.0775 0.874146 0
data 1.0775 0.9354 1
data 1.09218 0.882548 0
data 1.09218 0.950904 1
data 1.10687 0.891621 0
data 1.10687 0.966408 1
data 1.12156 0.901391 0
data 1.12156 0.976744 1
data 1.13624 0.911891 0
data 1.13624 0.992248 1
data 1.15093 0.923162 0
data 1.15093 1.00775 1
data 1.16562 0.93523 0
data 1.16562 1.02326 1
data 1.1803 0.94814 0
data 1.1803 1.04393 1
data 1.19499 0.961917 0
data 1.19499 1.05943 1
data 1.20967 0.976615 0
data 1.20967 1.0801 1
data 1.22436 0.992258 0
data 1.22436 1.09561 1
data 1.23905 1.0089 0
data 1.23905 1.11628 1
data 1.25373 1.02658 0
data 1.25373 1.13695 1
data 1.26842 1.04534 0
data 1.26842 1.15762 1
data 1.28311 1.06522 0
data 1.28311 1.17829 1
data 1.29779 1.08628 0
data 1.29779 1.19897 1
data 1.31248 1.10856 0
data 1.31248 1.21964 1
data 1.32717 1.13211 0
data 1.32717 1.24548 1
data 1.34185 1.15698 0
data 1.34185 1.26615 1
data 1.35654 1.18323 0
data 1.35654 1.29199 1
data 1.37123 1.2109 0
data 1.37123 1.31783 1
data 1.38591 1.24006 0
data 1.38591 1.3385 1
data 1.4006 1.27076 0
data 1.4006 1.36434 1
data 1.41529 1.30305 0
data 1.41529 1.39535 1
data 1.42997 1.33703 0
data 1.42997 1.42119 1
data 1.44466 1.3727 0
data 1.44466 1.44703 1
data 1.45935 1.41019 0
data 1.45935 1.47804 1
data 1.47403 1.44952 0
data 1.47403 1.50388 1
data 1.48872 1.49076 0
data 1.48872 1.53488 1
data 1.50341 1.53401 0
data 1.50341 1.56589 1
data 1.51809 1.57933 0
data 1.51809 1.5969 1
data 1.53278 1.62678 0
data 1.53278 1.62791 1
data 1.54747 1.67644 0
data 1.54747 1.65891 1
data 1.56215 1.7284 0
data 1.56215 1.69509 1
data 1.57684 1.78272 0
data 1.57684 1.7261 1
data 1.59153 1.83949 0
data 1.59153 1.76227 1
data 1.60621 1.89881 0
data 1.60621 1.79845 1
data 1.6209 1.96075 0
data 1.6209 1.83463 1
data 1.63559 2.0254 0
data 1.63559 1.8708 1
data 1.65027 2.09285 0
data 1.65027 1.90698 1
data 1.66496 2.16318 0
data 1.66496 1.94832 1
data 1.67965 2.23652 0
data 1.67965 1.98966 1
