min -1.69828 0
max 1.67965 2
step 0.6 0.4
data -1.69828 -0.104719 0
data -1.69828 0.0206718 1
data -1.68359 -0.0693391 0
data -1.68359 0.0516796 1
data -1.6689 -0.0345815 0
data -1.6689 0.0878553 1
data -1.65422 -0.00043422 0
data -1.65422 0.118863 1
data -1.63953 0.0331294 0
data -1.63953 0.155039 1
data -1.62484 0.0661246 0
data -1.62484 0.186046 1
data -1.61016 0.0985743 0
data -1.61016 0.217054 1
data -1.59547 0.130479 0
data -1.59547 0.248062 1
data -1.58078 0.16186 0
data -1.58078 0.27907 1
data -1.5661 0.192736 0
data -1.5661 0.310078 1
data -1.55141 0.223111 0
data -1.55141 0.341085 1
data -1.53672 0.253003 0
data -1.53672 0.366925 1
data -1.52204 0.28242 0
data -1.52204 0.392765 1
data -1.50735 0.311375 0
data -1.50735 0.423773 1
data -1.49266 0.339869 0
data -1.49266 0.449612 1
data -1.47798 0.367919 0
data -1.47798 0.475452 1
data -1.46329 0.39552 0
data -1.46329 0.501292 1
data -1.44861 0.422688 0
data -1.44861 0.521964 1
data -1.43392 0.449431 0
data -1.43392 0.547804 1
data -1.41923 0.475748 0
data -1.41923 0.573643 1
data -1.40455 0.50165 0
data -1.40455 0.594315 1
data -1.38986 0.527132 0
data -1.38986 0.614987 1
data -1.37517 0.552206 0
data -1.37517 0.635659 1
data -1.36049 0.576867 0
data -1.36049 0.656331 1
data -1.3458 0.601125 0
data -1.3458 0.677003 1
data -1.33111 0.624974 0
data -1.33111 0.697674 1
data -1.31643 0.648414 0
data -1.31643 0.713178 1
data -1.30174 0.671457 0
data -1.30174 0.73385 1
data -1.28705 0.694097 0
data -1.28705 0.749354 1
data -1.27237 0.716327 0
data -1.27237 0.764858 1
data -1.25768 0.73816 0
data -1.25768 0.78553 1
data -1.24299 0.75958 0
data -1.24299 0.801034 1
data -1.22831 0.780594 0
data -1.22831 0.816537 1
data -1.21362 0.801197 0
data -1.21362 0.832041 1
data -1.19893 0.821398 0
data -1.19893 0.847545 1
data -1.18425 0.841186 0
data -1.18425 0.857881 1
data -1.16956 0.860556 0
data -1.16956 0.873385 1
data -1.15487 0.879506 0
data -1.15487 0.888889 1
data -1.14019 0.89803 0
data -1.14019 0.899225 1
data -1.1255 0.916131 0
data -1.1255 0.909561 1
data -1.11081 0.933811 0
data -1.11081 0.919897 1
data -1.09613 0.951055 0
data -1.09613 0.9354 1
data -1.08144 0.967865 0
data -1.08144 0.945736 1
data -1.06675 0.98424 0
data -1.06675 0.956072 1
data -1.05207 1.00016 0
data -1.05207 0.966408 1
data -1.03738 1.01565 0
data -1.03738 0.971576 1
data -1.02269 1.03068 0
data -1.02269 0.981912 1
data -1.00801 1.04525 0
data -1.00801 0.992248 1
data -0.99332 1.05936 0
data -0.99332 0.997416 1
data -0.978633 1.07301 0
data -0.978633 1.00775 1
data -0.963946 1.0862 0
data -0.963946 1.01292 1
data -0.934573 1.11115 0
data -0.934573 1.02842 1
data -0.919886 1.12291 0
data -0.919886 1.03359 1
data -0.9052 1.13418 0
data -0.9052 1.03876 1
data -0.890513 1.14496 0
data -0.890513 1.04393 1
data -0.875827 1.15526 0
data -0.875827 1.0491 1
data -0.86114 1.16506 0
data -0.86114 1.05426 1
data -0.846453 1.17436 0
data -0.846453 1.05426 1
data -0.831767 1.18316 0
data -0.831767 1.05943 1
data -0.802393 1.19925 0
data -0.802393 1.0646 1
data -0.787707 1.20652 0
data -0.787707 1.06977 1
data -0.77302 1.21328 0
data -0.77302 1.06977 1
data -0.743647 1.22525 0
data -0.743647 1.07494 1
data -0.72896 1.23047 0
data -0.72896 1.07494 1
data -0.714274 1.23515 0
data -0.714274 1.07494 1
data -0.699587 1.23932 0
data -0.699587 1.07494 1
data -0.6849 1.24297 0
data -0.6849 1.07494 1
data -0.64084 1.25075 0
data -0.64084 1.07494 1
data -0.626154 1.25229 0
data -0.626154 1.07494 1
data -0.611467 1.25331 0
data -0.611467 1.07494 1
data -0.596781 1.25381 0
data -0.596781 1.07494 1
data -0.582094 1.25379 0
data -0.582094 1.06977 1
data -0.567407 1.25325 0
data -0.567407 1.06977 1
data -0.538034 1.25061 0
data -0.538034 1.0646 1
data -0.523347 1.24852 0
data -0.523347 1.0646 1
data -0.508661 1.24592 0
data -0.508661 1.05943 1
data -0.493974 1.24282 0
data -0.493974 1.05943 1
data -0.479287 1.23922 0
data -0.479287 1.05426 1
data -0.449914 1.23053 0
data -0.449914 1.0491 1
data -0.435228 1.22545 0
data -0.435228 1.04393 1
data -0.420541 1.2199 0
data -0.420541 1.03876 1
data -0.391168 1.20737 0
data -0.391168 1.03359 1
data -0.376481 1.20041 0
data -0.376481 1.02842 1
data -0.361794 1.193 0
data -0.361794 1.02326 1
data -0.347108 1.18515 0
data -0.347108 1.01809 1
data -0.332421 1.17687 0
data -0.332421 1.01292 1
data -0.317735 1.16816 0
data -0.317735 1.00775 1
data -0.303048 1.15904 0
data -0.303048 1.00258 1
data -0.288361 1.1495 0
data -0.288361 0.997416 1
data -0.273675 1.13959 0
data -0.273675 0.992248 1
data -0.258988 1.12927 0
data -0.258988 0.98708 1
data -0.244301 1.1186 0
data -0.244301 0.981912 1
data -0.229615 1.10757 0
data -0.229615 0.976744 1
data -0.214928 1.09618 0
data -0.214928 0.971576 1
data -0.200242 1.08447 0
data -0.200242 0.966408 1
data -0.185555 1.07244 0
data -0.185555 0.96124 1
data -0.170868 1.0601 0
data -0.170868 0.956072 1
data -0.156182 1.04748 0
data -0.156182 0.950904 1
data -0.126808 1.02142 0
data -0.126808 0.9354 1
data -0.112122 1.00802 0
data -0.112122 0.930233 1
data -0.0974352 0.994393 0
data -0.0974352 0.925065 1
data -0.0827484 0.980556 0
data -0.0827484 0.919897 1
data -0.0680619 0.966531 0
data -0.0680619 0.914729 1
data -0.0533753 0.952337 0
data -0.0533753 0.909561 1
data -0.0386885 0.937983 0
data -0.0386885 0.899225 1
data -0.024002 0.923498 0
data -0.024002 0.894057 1
data -0.00931539 0.908899 0
data -0.00931539 0.888889 1
data 0.00537135 0.894203 0
data 0.00537135 0.883721 1
data 0.0200579 0.879431 0
data 0.0200579 0.878553 1
data 0.0347445 0.864604 0
data 0.0347445 0.873385 1
data 0.0494312 0.849745 0
data 0.0494312 0.868217 1
data 0.0641178 0.834874 0
data 0.0641178 0.857881 1
data 0.0788045 0.820016 0
data 0.0788045 0.852713 1
data 0.0934911 0.805187 0
data 0.0934911 0.847545 1
data 0.108178 0.790418 0
data 0.108178 0.842377 1
data 0.122864 0.775721 0
data 0.122864 0.837209 1
data 0.137551 0.761131 0
data 0.137551 0.832041 1
data 0.152238 0.746661 0
data 0.152238 0.826873 1
data 0.166924 0.732341 0
data 0.166924 0.821705 1
data 0.181611 0.71819 0
data 0.181611 0.816537 1
data 0.196297 0.70424 0
data 0.196297 0.81137 1
data 0.210984 0.690511 0
data 0.210984 0.806202 1
data 0.225671 0.677026 0
data 0.225671 0.801034 1
data 0.240357 0.663812 0
data 0.240357 0.795866 1
data 0.255044 0.650894 0
data 0.255044 0.790698 1
data 0.269731 0.638294 0
data 0.269731 0.78553 1
data 0.284417 0.626043 0
data 0.284417 0.780362 1
data 0.299104 0.614162 0
data 0.299104 0.775194 1
data 0.313791 0.602674 0
data 0.313791 0.775194 1
data 0.328477 0.591608 0
data 0.328477 0.770026 1
data 0.343164 0.58099 0
data 0.343164 0.764858 1
data 0.35785 0.570841 0
data 0.35785 0.75969 1
data 0.372537 0.561188 0
data 0.372537 0.75969 1
data 0.387224 0.552055 0
data 0.387224 0.754522 1
data 0.416597 0.535451 0
data 0.416597 0.749354 1
data 0.431284 0.528028 0
data 0.431284 0.749354 1
data 0.44597 0.521221 0
data 0.44597 0.744186 1
data 0.475343 0.509558 0
data 0.475343 0.739018 1
data 0.49003 0.504746 0
data 0.49003 0.739018 1
data 0.53409 0.494654 0
data 0.53409 0.73385 1
data 0.548777 0.492804 0
data 0.548777 0.73385 1
data 0.563463 0.49175 0
data 0.563463 0.73385 1
data 0.57815 0.491508 0
data 0.57815 0.73385 1
data 0.592837 0.492095 0
data 0.592837 0.73385 1
data 0.607523 0.493529 0
data 0.607523 0.73385 1
data 0.62221 0.49583 0
data 0.62221 0.73385 1
data 0.651583 0.503078 0
data 0.651583 0.739018 1
data 0.66627 0.508059 0
data 0.66627 0.739018 1
data 0.680956 0.513959 0
data 0.680956 0.739018 1
data 0.695643 0.520793 0
data 0.695643 0.744186 1
data 0.710329 0.528564 0
data 0.710329 0.744186 1
data 0.725016 0.537289 0
data 0.725016 0.749354 1
data 0.754389 0.557606 0
data 0.754389 0.754522 1
data 0.769076 0.569214 0
data 0.769076 0.75969 1
data 0.783763 0.581796 0
data 0.783763 0.764858 1
data 0.798449 0.595338 0
data 0.798449 0.770026 1
data 0.813136 0.609854 0
data 0.813136 0.775194 1
data 0.827823 0.625333 0
data 0.827823 0.780362 1
data 0.842509 0.641775 0
data 0.842509 0.78553 1
data 0.857196 0.659163 0
data 0.857196 0.790698 1
data 0.871883 0.677496 0
data 0.871883 0.795866 1
data 0.886569 0.696764 0
data 0.886569 0.806202 1
data 0.901256 0.716951 0
data 0.901256 0.81137 1
data 0.915942 0.738029 0
data 0.915942 0.821705 1
data 0.930629 0.760001 0
data 0.930629 0.826873 1
data 0.945316 0.782822 0
data 0.945316 0.837209 1
data 0.960002 0.806485 0
data 0.960002 0.847545 1
data 0.974689 0.830947 0
data 0.974689 0.857881 1
data 0.989376 0.856202 0
data 0.989376 0.868217 1
data 1.00406 0.882193 0
data 1.00406 0.878553 1
data 1.01875 0.908892 0
data 1.01875 0.888889 1
data 1.03344 0.936259 0
data 1.03344 0.899225 1
data 1.04812 0.964241 0
data 1.04812 0.909561 1
data 1.06281 0.992803 0
data 1.06281 0.925065 1
data 1.0775 1.0219 0
data 1.0775 0.9354 1
data 1.09218 1.05146 0
data 1.09218 0.950904 1
data 1.10687 1.08143 0
data 1.10687 0.966408 1
data 1.12156 1.11176 0
data 1.12156 0.976744 1
data 1.13624 1.14237 0
data 1.13624 0.992248 1
data 1.15093 1.17318 0
data 1.15093 1.00775 1
data 1.16562 1.20414 0
data 1.16562 1.02326 1
data 1.1803 1.23514 0
data 1.1803 1.04393 1
data 1.19499 1.26612 0
data 1.19499 1.05943 1
data 1.20967 1.29697 0
data 1.20967 1.0801 1
data 1.22436 1.32763 0
data 1.22436 1.09561 1
data 1.23905 1.35795 0
data 1.23905 1.11628 1
data 1.25373 1.38785 0
data 1.25373 1.13695 1
data 1.26842 1.41722 0
data 1.26842 1.15762 1
data 1.28311 1.44594 0
data 1.28311 1.17829 1
data 1.29779 1.47387 0
data 1.29779 1.19897 1
data 1.31248 1.50091 0
data 1.31248 1.21964 1
data 1.32717 1.52691 0
data 1.32717 1.24548 1
data 1.34185 1.55171 0
data 1.34185 1.26615 1
data 1.35654 1.57519 0
data 1.35654 1.29199 1
data 1.37123 1.59719 0
data 1.37123 1.31783 1
data 1.38591 1.61754 0
data 1.38591 1.3385 1
data 1.4006 1.63607 0
data 1.4006 1.36434 1
data 1.41529 1.65261 0
data 1.41529 1.39535 1
data 1.42997 1.66693 0
data 1.42997 1.42119 1
data 1.44466 1.67891 0
data 1.44466 1.44703 1
data 1.45935 1.68829 0
data 1.45935 1.47804 1
data 1.47403 1.69491 0
data 1.47403 1.50388 1
data 1.48872 1.69854 0
data 1.48872 1.53488 1
data 1.50341 1.69889 0
data 1.50341 1.56589 1
data 1.51809 1.69581 0
data 1.51809 1.5969 1
data 1.53278 1.68904 0
data 1.53278 1.62791 1
data 1.54747 1.67828 0
data 1.54747 1.65891 1
data 1.56215 1.66331 0
data 1.56215 1.69509 1
data 1.57684 1.64384 0
data 1.57684 1.7261 1
data 1.59153 1.6196 0
data 1.59153 1.76227 1
data 1.60621 1.59029 0
data 1.60621 1.79845 1
data 1.6209 1.5556 0
data 1.6209 1.83463 1
data 1.63559 1.51518 0
data 1.63559 1.8708 1
data 1.65027 1.46881 0
data 1.65027 1.90698 1
data 1.66496 1.41607 0
data 1.66496 1.94832 1
data 1.67965 1.3566 0
data 1.67965 1.98966 1
