min -1.72771 0
max 1.70854 3
step 0.8 0.6
data -1.72771 0.793796 0
data -1.72771 0.0209059 1
data -1.7164 0.811076 0
data -1.7164 0.0783972 1
data -1.7051 0.828198 0
data -1.7051 0.130662 1
data -1.6938 0.845159 0
data -1.6938 0.182927 1
data -1.68249 0.86196 0
data -1.68249 0.235192 1
data -1.67119 0.878599 0
data -1.67119 0.287456 1
data -1.65989 0.895076 0
data -1.65989 0.339721 1
data -1.64858 0.911389 0
data -1.64858 0.38676 1
data -1.63728 0.927537 0
data -1.63728 0.439024 1
data -1.62598 0.94352 0
data -1.62598 0.486063 1
data -1.61467 0.959335 0
data -1.61467 0.533101 1
data -1.60337 0.974983 0
data -1.60337 0.580139 1
data -1.59206 0.990462 0
data -1.59206 0.621951 1
data -1.58076 1.00577 0
data -1.58076 0.66899 1
data -1.56946 1.02091 0
data -1.56946 0.710801 1
data -1.55815 1.03588 0
data -1.55815 0.752613 1
data -1.54685 1.05067 0
data -1.54685 0.794425 1
data -1.53555 1.06529 0
data -1.53555 0.83101 1
data -1.52424 1.07974 0
data -1.52424 0.872822 1
data -1.51294 1.094 0
data -1.51294 0.909408 1
data -1.50164 1.1081 0
data -1.50164 0.945993 1
data -1.49033 1.12201 0
data -1.49033 0.982578 1
data -1.47903 1.13575 0
data -1.47903 1.01916 1
data -1.46773 1.1493 0
data -1.46773 1.05575 1
data -1.45642 1.16268 0
data -1.45642 1.09233 1
data -1.44512 1.17587 0
data -1.44512 1.12369 1
data -1.43382 1.18888 0
data -1.43382 1.16028 1
data -1.42251 1.20171 0
data -1.42251 1.19164 1
data -1.41121 1.21435 0
data -1.41121 1.223 1
data -1.39991 1.22681 0
data -1.39991 1.25436 1
data -1.3886 1.23908 0
data -1.3886 1.28049 1
data -1.3773 1.25116 0
data -1.3773 1.31185 1
data -1.366 1.26305 0
data -1.366 1.33798 1
data -1.35469 1.27476 0
data -1.35469 1.36411 1
data -1.34339 1.28627 0
data -1.34339 1.39024 1
data -1.33209 1.2976 0
data -1.33209 1.41638 1
data -1.32078 1.30873 0
data -1.32078 1.44251 1
data -1.30948 1.31967 0
data -1.30948 1.46864 1
data -1.29818 1.33041 0
data -1.29818 1.48955 1
data -1.28687 1.34096 0
data -1.28687 1.51045 1
data -1.27557 1.35132 0
data -1.27557 1.53659 1
data -1.26427 1.36147 0
data -1.26427 1.55749 1
data -1.25296 1.37143 0
data -1.25296 1.57317 1
data -1.24166 1.3812 0
data -1.24166 1.59408 1
data -1.23036 1.39076 0
data -1.23036 1.61498 1
data -1.21905 1.40012 0
data -1.21905 1.63066 1
data -1.20775 1.40928 0
data -1.20775 1.65157 1
data -1.19645 1.41825 0
data -1.19645 1.66725 1
data -1.18514 1.427 0
data -1.18514 1.68293 1
data -1.17384 1.43556 0
data -1.17384 1.69861 1
data -1.16253 1.44391 0
data -1.16253 1.71429 1
data -1.15123 1.45206 0
data -1.15123 1.72997 1
data -1.13993 1.46 0
data -1.13993 1.74564 1
data -1.12862 1.46774 0
data -1.12862 1.7561 1
data -1.11732 1.47527 0
data -1.11732 1.77178 1
data -1.10602 1.48259 0
data -1.10602 1.78223 1
data -1.09471 1.4897 0
data -1.09471 1.79268 1
data -1.08341 1.49661 0
data -1.08341 1.80314 1
data -1.07211 1.5033 0
data -1.07211 1.81359 1
data -1.0608 1.50979 0
data -1.0608 1.82404 1
data -1.0495 1.51607 0
data -1.0495 1.83449 1
data -1.0382 1.52213 0
data -1.0382 1.83972 1
data -1.02689 1.52798 0
data -1.02689 1.85017 1
data -1.01559 1.53362 0
data -1.01559 1.8554 1
data -1.00429 1.53905 0
data -1.00429 1.86063 1
data -0.992983 1.54426 0
data -0.992983 1.87108 1
data -0.98168 1.54926 0
data -0.98168 1.87631 1
data -0.970377 1.55404 0
data -0.970377 1.88153 1
data -0.94777 1.56296 0
data -0.94777 1.88676 1
data -0.936466 1.5671 0
data -0.936466 1.89199 1
data -0.925163 1.57102 0
data -0.925163 1.89199 1
data -0.913859 1.57472 0
data -0.913859 1.89721 1
data -0.902556 1.57821 0
data -0.902556 1.89721 1
data -0.879949 1.58453 0
data -0.879949 1.90244 1
data -0.868646 1.58737 0
data -0.868646 1.90244 1
data -0.834735 1.59455 0
data -0.834735 1.89721 1
data -0.823432 1.59651 0
data -0.823432 1.89721 1
data -0.800825 1.59977 0
data -0.800825 1.89199 1
data -0.778218 1.60215 0
data -0.778218 1.88676 1
data -0.766915 1.60301 0
data -0.766915 1.88153 1
data -0.755611 1.60365 0
data -0.755611 1.88153 1
data -0.744308 1.60407 0
data -0.744308 1.87631 1
data -0.733005 1.60427 0
data -0.733005 1.87108 1
data -0.721701 1.60425 0
data -0.721701 1.86585 1
data -0.710398 1.60401 0
data -0.710398 1.86063 1
data -0.699094 1.60356 0
data -0.699094 1.85017 1
data -0.687791 1.60288 0
data -0.687791 1.84495 1
data -0.676488 1.60198 0
data -0.676488 1.83972 1
data -0.665184 1.60086 0
data -0.665184 1.82927 1
data -0.653881 1.59953 0
data -0.653881 1.82404 1
data -0.642577 1.59798 0
data -0.642577 1.81359 1
data -0.631274 1.59621 0
data -0.631274 1.80836 1
data -0.61997 1.59422 0
data -0.61997 1.79791 1
data -0.608667 1.59201 0
data -0.608667 1.78746 1
data -0.597364 1.58959 0
data -0.597364 1.78223 1
data -0.58606 1.58695 0
data -0.58606 1.77178 1
data -0.574757 1.58409 0
data -0.574757 1.76132 1
data -0.563453 1.58102 0
data -0.563453 1.75087 1
data -0.55215 1.57773 0
data -0.55215 1.74042 1
data -0.540846 1.57423 0
data -0.540846 1.72997 1
data -0.529543 1.57052 0
data -0.529543 1.71951 1
data -0.51824 1.56659 0
data -0.51824 1.70906 1
data -0.506936 1.56245 0
data -0.506936 1.69338 1
data -0.495633 1.5581 0
data -0.495633 1.68293 1
data -0.484329 1.55354 0
data -0.484329 1.67247 1
data -0.473026 1.54877 0
data -0.473026 1.65679 1
data -0.461722 1.54379 0
data -0.461722 1.64634 1
data -0.450419 1.5386 0
data -0.450419 1.63589 1
data -0.439116 1.53321 0
data -0.439116 1.62021 1
data -0.427812 1.52761 0
data -0.427812 1.60976 1
data -0.416509 1.52181 0
data -0.416509 1.59408 1
data -0.405205 1.51581 0
data -0.405205 1.5784 1
data -0.393902 1.5096 0
data -0.393902 1.56794 1
data -0.382598 1.50319 0
data -0.382598 1.55226 1
data -0.371295 1.49659 0
data -0.371295 1.53659 1
data -0.359992 1.48978 0
data -0.359992 1.52613 1
data -0.348688 1.48278 0
data -0.348688 1.51045 1
data -0.337385 1.47559 0
data -0.337385 1.49477 1
data -0.326081 1.4682 0
data -0.326081 1.47909 1
data -0.314778 1.46062 0
data -0.314778 1.46341 1
data -0.303475 1.45285 0
data -0.303475 1.44774 1
data -0.292171 1.44489 0
data -0.292171 1.43728 1
data -0.280868 1.43675 0
data -0.280868 1.4216 1
data -0.269564 1.42842 0
data -0.269564 1.40592 1
data -0.258261 1.41991 0
data -0.258261 1.39024 1
data -0.246957 1.41122 0
data -0.246957 1.37456 1
data -0.235654 1.40236 0
data -0.235654 1.35889 1
data -0.22435 1.39331 0
data -0.22435 1.34321 1
data -0.213047 1.3841 0
data -0.213047 1.3223 1
data -0.201744 1.37471 0
data -0.201744 1.30662 1
data -0.19044 1.36515 0
data -0.19044 1.29094 1
data -0.179137 1.35543 0
data -0.179137 1.27526 1
data -0.167833 1.34554 0
data -0.167833 1.25958 1
data -0.15653 1.33549 0
data -0.15653 1.2439 1
data -0.145227 1.32528 0
data -0.145227 1.22822 1
data -0.133923 1.31491 0
data -0.133923 1.21254 1
data -0.12262 1.3044 0
data -0.12262 1.19164 1
data -0.111316 1.29373 0
data -0.111316 1.17596 1
data -0.100013 1.28291 0
data -0.100013 1.16028 1
data -0.0887094 1.27195 0
data -0.0887094 1.1446 1
data -0.0774061 1.26085 0
data -0.0774061 1.12892 1
data -0.0661027 1.24961 0
data -0.0661027 1.11324 1
data -0.0547992 1.23824 0
data -0.0547992 1.09233 1
data -0.0434957 1.22673 0
data -0.0434957 1.07665 1
data -0.0321924 1.2151 0
data -0.0321924 1.06098 1
data -0.0208889 1.20334 0
data -0.0208889 1.0453 1
data -0.00958545 1.19146 0
data -0.00958545 1.02962 1
data 0.00171804 1.17947 0
data 0.00171804 1.01394 1
data 0.0130213 1.16736 0
data 0.0130213 0.993031 1
data 0.0243248 1.15514 0
data 0.0243248 0.982578 1
data 0.0356283 1.14282 0
data 0.0356283 0.961672 1
data 0.0469317 1.13039 0
data 0.0469317 0.945993 1
data 0.058235 1.11787 0
data 0.058235 0.930314 1
data 0.0695385 1.10526 0
data 0.0695385 0.914634 1
data 0.080842 1.09256 0
data 0.080842 0.898955 1
data 0.0921455 1.07977 0
data 0.0921455 0.883275 1
data 0.103449 1.06691 0
data 0.103449 0.867596 1
data 0.114752 1.05397 0
data 0.114752 0.851916 1
data 0.126056 1.04096 0
data 0.126056 0.836237 1
data 0.137359 1.02789 0
data 0.137359 0.820557 1
data 0.148662 1.01476 0
data 0.148662 0.804878 1
data 0.159966 1.00158 0
data 0.159966 0.789199 1
data 0.171269 0.98834 0
data 0.171269 0.778746 1
data 0.182573 0.975061 0
data 0.182573 0.763066 1
data 0.193876 0.961744 0
data 0.193876 0.747387 1
data 0.20518 0.948394 0
data 0.20518 0.731707 1
data 0.216483 0.935017 0
data 0.216483 0.716028 1
data 0.227787 0.921619 0
data 0.227787 0.705575 1
data 0.23909 0.908206 0
data 0.23909 0.689895 1
data 0.250393 0.894784 0
data 0.250393 0.674216 1
data 0.261697 0.881358 0
data 0.261697 0.663763 1
data 0.273 0.867937 0
data 0.273 0.648084 1
data 0.284304 0.854524 0
data 0.284304 0.632404 1
data 0.295607 0.841129 0
data 0.295607 0.621951 1
data 0.306911 0.827756 0
data 0.306911 0.611498 1
data 0.318214 0.814413 0
data 0.318214 0.595819 1
data 0.329517 0.801107 0
data 0.329517 0.585366 1
data 0.340821 0.787845 0
data 0.340821 0.574913 1
data 0.352124 0.774634 0
data 0.352124 0.559233 1
data 0.363427 0.761482 0
data 0.363427 0.548781 1
data 0.374731 0.748396 0
data 0.374731 0.538328 1
data 0.386034 0.735384 0
data 0.386034 0.527875 1
data 0.397338 0.722453 0
data 0.397338 0.517422 1
data 0.408641 0.709611 0
data 0.408641 0.506969 1
data 0.419945 0.696867 0
data 0.419945 0.496516 1
data 0.431248 0.684229 0
data 0.431248 0.486063 1
data 0.442552 0.671705 0
data 0.442552 0.47561 1
data 0.453855 0.659304 0
data 0.453855 0.470383 1
data 0.465158 0.647033 0
data 0.465158 0.45993 1
data 0.476462 0.634903 0
data 0.476462 0.449477 1
data 0.487765 0.622923 0
data 0.487765 0.444251 1
data 0.499069 0.611101 0
data 0.499069 0.433798 1
data 0.510372 0.599446 0
data 0.510372 0.428571 1
data 0.521676 0.587968 0
data 0.521676 0.418118 1
data 0.532979 0.576677 0
data 0.532979 0.412892 1
data 0.544282 0.565583 0
data 0.544282 0.407666 1
data 0.555586 0.554695 0
data 0.555586 0.402439 1
data 0.566889 0.544025 0
data 0.566889 0.397213 1
data 0.578193 0.533581 0
data 0.578193 0.391986 1
data 0.589496 0.523375 0
data 0.589496 0.38676 1
data 0.6008 0.513417 0
data 0.6008 0.381533 1
data 0.612103 0.503718 0
data 0.612103 0.376307 1
data 0.623406 0.494289 0
data 0.623406 0.37108 1
data 0.63471 0.485141 0
data 0.63471 0.37108 1
data 0.646013 0.476286 0
data 0.646013 0.365854 1
data 0.657317 0.467736 0
data 0.657317 0.365854 1
data 0.66862 0.459501 0
data 0.66862 0.360627 1
data 0.679923 0.451595 0
data 0.679923 0.360627 1
data 0.691227 0.444029 0
data 0.691227 0.360627 1
data 0.725137 0.423496 0
data 0.725137 0.360627 1
data 0.736441 0.417416 0
data 0.736441 0.360627 1
data 0.747744 0.41174 0
data 0.747744 0.360627 1
data 0.759047 0.406482 0
data 0.759047 0.360627 1
data 0.770351 0.401654 0
data 0.770351 0.365854 1
data 0.781654 0.397272 0
data 0.781654 0.365854 1
data 0.792958 0.393348 0
data 0.792958 0.37108 1
data 0.804261 0.389897 0
data 0.804261 0.376307 1
data 0.826868 0.384471 0
data 0.826868 0.381533 1
data 0.838171 0.382526 0
data 0.838171 0.38676 1
data 0.849475 0.381113 0
data 0.849475 0.391986 1
data 0.860778 0.380248 0
data 0.860778 0.402439 1
data 0.872082 0.379945 0
data 0.872082 0.407666 1
data 0.883385 0.380221 0
data 0.883385 0.418118 1
data 0.894688 0.381091 0
data 0.894688 0.423345 1
data 0.905992 0.382573 0
data 0.905992 0.433798 1
data 0.917295 0.384682 0
data 0.917295 0.444251 1
data 0.928599 0.387435 0
data 0.928599 0.449477 1
data 0.939902 0.390849 0
data 0.939902 0.45993 1
data 0.951206 0.394942 0
data 0.951206 0.47561 1
data 0.962509 0.39973 0
data 0.962509 0.486063 1
data 0.973812 0.405233 0
data 0.973812 0.496516 1
data 0.985116 0.411467 0
data 0.985116 0.512195 1
data 0.996419 0.41845 0
data 0.996419 0.522648 1
data 1.00772 0.426202 0
data 1.00772 0.538328 1
data 1.01903 0.434741 0
data 1.01903 0.554007 1
data 1.03033 0.444087 0
data 1.03033 0.569686 1
data 1.04163 0.454258 0
data 1.04163 0.585366 1
data 1.05294 0.465273 0
data 1.05294 0.601045 1
data 1.06424 0.477154 0
data 1.06424 0.621951 1
data 1.07554 0.489921 0
data 1.07554 0.637631 1
data 1.08685 0.503592 0
data 1.08685 0.658537 1
data 1.09815 0.51819 0
data 1.09815 0.679443 1
data 1.10945 0.533734 0
data 1.10945 0.695122 1
data 1.12076 0.550247 0
data 1.12076 0.721254 1
data 1.13206 0.56775 0
data 1.13206 0.74216 1
data 1.14336 0.586265 0
data 1.14336 0.763066 1
data 1.15467 0.605814 0
data 1.15467 0.789199 1
data 1.16597 0.626419 0
data 1.16597 0.810105 1
data 1.17727 0.648103 0
data 1.17727 0.836237 1
data 1.18858 0.670889 0
data 1.18858 0.862369 1
data 1.19988 0.694801 0
data 1.19988 0.888502 1
data 1.21118 0.719861 0
data 1.21118 0.914634 1
data 1.22249 0.746096 0
data 1.22249 0.945993 1
data 1.23379 0.773527 0
data 1.23379 0.972125 1
data 1.24509 0.802181 0
data 1.24509 1.00348 1
data 1.2564 0.832081 0
data 1.2564 1.03484 1
data 1.2677 0.863255 0
data 1.2677 1.0662 1
data 1.279 0.895724 0
data 1.279 1.09756 1
data 1.29031 0.929519 0
data 1.29031 1.12892 1
data 1.30161 0.964664 0
data 1.30161 1.16551 1
data 1.31292 1.00119 0
data 1.31292 1.19686 1
data 1.32422 1.03911 0
data 1.32422 1.23345 1
data 1.33552 1.07847 0
data 1.33552 1.27003 1
data 1.34683 1.11928 0
data 1.34683 1.30662 1
data 1.35813 1.16158 0
data 1.35813 1.34321 1
data 1.36943 1.2054 0
data 1.36943 1.37979 1
data 1.38074 1.25075 0
data 1.38074 1.4216 1
data 1.39204 1.29769 0
data 1.39204 1.45819 1
data 1.40334 1.34622 0
data 1.40334 1.5 1
data 1.41465 1.39639 0
data 1.41465 1.54704 1
data 1.42595 1.44821 0
data 1.42595 1.58885 1
data 1.43725 1.50173 0
data 1.43725 1.63066 1
data 1.44856 1.55698 0
data 1.44856 1.6777 1
data 1.45986 1.61397 0
data 1.45986 1.71951 1
data 1.47116 1.67276 0
data 1.47116 1.76655 1
data 1.48247 1.73336 0
data 1.48247 1.81882 1
data 1.49377 1.79582 0
data 1.49377 1.86585 1
data 1.50507 1.86015 0
data 1.50507 1.91289 1
data 1.51638 1.92641 0
data 1.51638 1.96516 1
data 1.52768 1.99462 0
data 1.52768 2.01742 1
data 1.53898 2.06481 0
data 1.53898 2.06969 1
data 1.55029 2.13702 0
data 1.55029 2.12195 1
data 1.56159 2.21128 0
data 1.56159 2.17944 1
data 1.57289 2.28764 0
data 1.57289 2.23171 1
data 1.5842 2.36612 0
data 1.5842 2.2892 1
data 1.5955 2.44676 0
data 1.5955 2.34669 1
data 1.6068 2.5296 0
data 1.6068 2.40418 1
data 1.61811 2.61467 0
data 1.61811 2.4669 1
data 1.62941 2.70202 0
data 1.62941 2.52439 1
data 1.64071 2.79167 0
data 1.64071 2.58711 1
data 1.65202 2.88368 0
data 1.65202 2.64983 1
data 1.66332 2.97807 0
data 1.66332 2.71254 1
data 1.67462 3.07489 0
data 1.67462 2.77526 1
data 1.68593 3.17418 0
data 1.68593 2.84321 1
data 1.69723 3.27597 0
data 1.69723 2.90592 1
data 1.70854 3.38031 0
data 1.70854 2.97387 1
